758471.000
16777216.000
139 71 0.0 2.0
137 72 0.0 4.0
135 74 0.0 2.0
136 74 0.0 2.0
142 75 0.0 2.0
137 76 0.0 2.0
139 76 0.0 2.0
140 76 0.0 4.0
142 76 0.0 2.0
131 77 0.0 2.0
134 77 0.0 2.0
136 77 0.0 2.0
137 77 0.0 2.0
140 77 0.0 2.0
138 78 0.0 2.0
139 78 0.0 4.0
140 78 0.0 2.0
141 78 0.0 2.0
133 79 0.0 2.0
134 79 0.0 2.0
136 79 0.0 2.0
137 79 0.0 6.0
138 79 0.0 4.0
139 79 0.0 10.0
140 79 0.0 2.0
142 79 0.0 2.0
131 80 0.0 2.0
133 80 0.0 4.0
134 80 0.0 2.0
135 80 0.0 4.0
137 80 0.0 6.0
138 80 0.0 10.0
139 80 0.0 2.0
140 80 0.0 2.0
141 80 0.0 4.0
142 80 0.0 4.0
131 81 0.0 4.0
132 81 0.0 4.0
133 81 0.0 2.0
135 81 0.0 4.0
136 81 0.0 6.0
137 81 0.0 4.0
138 81 0.0 16.0
139 81 0.0 10.0
140 81 0.0 2.0
141 81 0.0 12.0
142 81 0.0 10.0
143 81 0.0 2.0
131 82 0.0 6.0
132 82 0.0 4.0
133 82 0.0 2.0
134 82 0.0 12.0
135 82 0.0 14.0
136 82 0.0 12.0
137 82 0.0 14.0
138 82 0.0 16.0
139 82 0.0 10.0
140 82 0.0 10.0
141 82 0.0 6.0
124 83 0.0 2.0
128 83 0.0 2.0
131 83 0.0 6.0
132 83 0.0 8.0
133 83 0.0 6.0
134 83 0.0 8.0
135 83 0.0 20.0
136 83 0.0 16.0
137 83 0.0 26.0
138 83 0.0 18.0
139 83 0.0 24.0
140 83 0.0 18.0
141 83 0.0 12.0
142 83 0.0 4.0
143 83 0.0 2.0
144 83 0.0 2.0
129 84 0.0 2.0
130 84 0.0 2.0
131 84 0.0 10.0
132 84 0.0 8.0
133 84 0.0 12.0
134 84 0.0 20.0
135 84 0.0 22.0
136 84 0.0 32.0
137 84 0.0 34.0
138 84 0.0 34.0
139 84 0.0 26.0
140 84 0.0 28.0
141 84 0.0 18.0
142 84 0.0 4.0
143 84 0.0 4.0
144 84 0.0 6.0
128 85 0.0 2.0
129 85 0.0 4.0
130 85 0.0 8.0
131 85 0.0 12.0
132 85 0.0 16.0
133 85 0.0 30.0
134 85 0.0 26.0
135 85 0.0 28.0
136 85 0.0 20.0
137 85 0.0 34.0
138 85 0.0 46.0
139 85 0.0 38.0
140 85 0.0 20.0
141 85 0.0 10.0
142 85 0.0 6.0
143 85 0.0 6.0
145 85 0.0 2.0
128 86 0.0 2.0
129 86 0.0 8.0
130 86 0.0 6.0
131 86 0.0 16.0
132 86 0.0 22.0
133 86 0.0 24.0
134 86 0.0 20.0
135 86 0.0 24.0
136 86 0.0 24.0
137 86 0.0 44.0
138 86 0.0 52.0
139 86 0.0 42.0
140 86 0.0 28.0
141 86 0.0 14.0
142 86 0.0 12.0
143 86 0.0 2.0
128 87 0.0 4.0
129 87 0.0 6.0
130 87 0.0 16.0
131 87 0.0 8.0
132 87 0.0 8.0
133 87 0.0 24.0
134 87 0.0 38.0
135 87 0.0 28.0
136 87 0.0 50.0
137 87 0.0 24.0
138 87 0.0 40.0
139 87 0.0 60.0
140 87 0.0 30.0
141 87 0.0 28.0
142 87 0.0 12.0
143 87 0.0 2.0
144 87 0.0 6.0
147 87 0.0 2.0
128 88 0.0 4.0
129 88 0.0 4.0
130 88 0.0 12.0
131 88 0.0 12.0
132 88 0.0 38.0
133 88 0.0 22.0
134 88 0.0 24.0
135 88 0.0 46.0
136 88 0.0 46.0
137 88 0.0 44.0
138 88 0.0 78.0
139 88 0.0 34.0
140 88 0.0 36.0
141 88 0.0 22.0
142 88 0.0 10.0
143 88 0.0 12.0
144 88 0.0 4.0
145 88 0.0 2.0
123 89 0.0 2.0
124 89 0.0 2.0
127 89 0.0 2.0
128 89 0.0 2.0
129 89 0.0 8.0
130 89 0.0 16.0
131 89 0.0 24.0
132 89 0.0 26.0
133 89 0.0 40.0
134 89 0.0 42.0
135 89 0.0 38.0
136 89 0.0 46.0
137 89 0.0 60.0
138 89 0.0 54.0
139 89 2.0 32.0
140 89 2.0 34.0
141 89 0.0 30.0
142 89 0.0 24.0
143 89 2.0 4.0
144 89 0.0 2.0
145 89 0.0 2.0
154 89 0.0 2.0
126 90 0.0 2.0
128 90 0.0 8.0
129 90 0.0 18.0
130 90 0.0 20.0
131 90 0.0 18.0
132 90 0.0 34.0
133 90 0.0 22.0
134 90 0.0 36.0
135 90 0.0 26.0
136 90 0.0 44.0
137 90 2.0 50.0
138 90 0.0 56.0
139 90 0.0 54.0
140 90 2.0 16.0
141 90 0.0 20.0
142 90 0.0 10.0
143 90 0.0 8.0
144 90 1.0 3.0
147 90 0.0 2.0
158 90 0.0 2.0
123 91 0.0 4.0
124 91 0.0 2.0
128 91 0.0 10.0
129 91 1.0 15.0
130 91 0.0 18.0
131 91 0.0 44.0
132 91 0.0 40.0
133 91 0.0 36.0
134 91 0.0 44.0
135 91 0.0 58.0
136 91 0.0 60.0
137 91 0.0 58.0
138 91 0.0 38.0
139 91 0.0 28.0
140 91 0.0 26.0
141 91 2.0 26.0
142 91 2.0 8.0
143 91 0.0 6.0
145 91 0.0 4.0
148 91 2.0 0.0
154 91 0.0 2.0
122 92 0.0 2.0
125 92 0.0 4.0
128 92 0.0 10.0
129 92 0.0 28.0
130 92 0.0 30.0
131 92 0.0 38.0
132 92 0.0 56.0
133 92 0.0 42.0
134 92 0.0 68.0
135 92 0.0 46.0
136 92 0.0 58.0
137 92 2.0 68.0
138 92 0.0 54.0
139 92 0.0 48.0
140 92 4.0 26.0
141 92 0.0 16.0
142 92 2.0 6.0
143 92 6.0 4.0
147 92 2.0 4.0
148 92 2.0 0.0
117 93 0.0 2.0
120 93 0.0 4.0
122 93 0.0 2.0
126 93 0.0 4.0
127 93 0.0 2.0
128 93 0.0 20.0
129 93 0.0 54.0
130 93 0.0 40.0
131 93 0.0 48.0
132 93 0.0 34.0
133 93 0.0 52.0
134 93 0.0 48.0
135 93 0.0 82.0
136 93 0.0 72.0
137 93 0.0 60.0
138 93 4.0 54.0
139 93 2.0 38.0
140 93 0.0 22.0
141 93 2.0 18.0
142 93 0.0 14.0
143 93 2.0 8.0
144 93 4.0 4.0
145 93 4.0 4.0
146 93 0.0 2.0
147 93 4.0 2.0
149 93 0.0 2.0
150 93 0.0 2.0
106 94 0.0 2.0
113 94 0.0 2.0
118 94 0.0 2.0
120 94 0.0 2.0
122 94 0.0 2.0
123 94 0.0 2.0
125 94 0.0 8.0
126 94 0.0 2.0
128 94 0.0 26.0
129 94 2.0 54.0
130 94 0.0 66.0
131 94 2.0 52.0
132 94 1.0 67.0
133 94 0.0 74.0
134 94 2.0 80.0
135 94 6.0 92.0
136 94 2.0 66.0
137 94 4.0 64.0
138 94 4.0 60.0
139 94 8.0 50.0
140 94 10.0 26.0
141 94 2.0 16.0
142 94 2.0 6.0
143 94 8.0 4.0
144 94 0.0 8.0
145 94 2.0 0.0
146 94 2.0 2.0
147 94 2.0 0.0
148 94 4.0 0.0
149 94 2.0 0.0
150 94 2.0 0.0
175 94 0.0 2.0
116 95 0.0 2.0
119 95 0.0 4.0
120 95 0.0 2.0
121 95 0.0 2.0
122 95 0.0 6.0
123 95 0.0 6.0
124 95 0.0 4.0
126 95 0.0 2.0
127 95 0.0 4.0
128 95 0.0 32.0
129 95 0.0 54.0
130 95 1.0 79.0
131 95 0.0 76.0
132 95 0.0 80.0
133 95 0.0 116.0
134 95 4.0 112.0
135 95 0.0 106.0
136 95 9.0 87.0
137 95 6.0 56.0
138 95 6.0 66.0
139 95 10.0 40.0
140 95 8.0 28.0
141 95 10.0 28.0
142 95 10.0 18.0
143 95 4.0 10.0
144 95 4.0 6.0
145 95 4.0 0.0
146 95 4.0 0.0
147 95 0.0 4.0
148 95 0.0 2.0
150 95 2.0 2.0
151 95 0.0 8.0
153 95 0.0 2.0
154 95 0.0 2.0
178 95 0.0 2.0
183 95 0.0 4.0
187 95 0.0 4.0
101 96 0.0 2.0
112 96 0.0 2.0
119 96 0.0 2.0
120 96 0.0 2.0
122 96 0.0 6.0
123 96 0.0 2.0
124 96 0.0 6.0
125 96 0.0 8.0
126 96 0.0 10.0
127 96 0.0 6.0
128 96 0.0 54.0
129 96 0.0 84.0
130 96 2.0 118.0
131 96 2.0 98.0
132 96 0.0 134.0
133 96 4.0 140.0
134 96 6.0 160.0
135 96 4.0 166.0
136 96 12.0 122.0
137 96 14.0 98.0
138 96 10.0 92.0
139 96 12.0 60.0
140 96 12.0 28.0
141 96 4.0 38.0
142 96 6.0 20.0
143 96 5.0 17.0
144 96 8.0 10.0
145 96 10.0 8.0
146 96 4.0 6.0
147 96 2.0 4.0
148 96 2.0 8.0
149 96 2.0 6.0
151 96 0.0 2.0
152 96 0.0 2.0
155 96 0.0 2.0
178 96 0.0 2.0
179 96 0.0 2.0
180 96 0.0 2.0
183 96 0.0 2.0
185 96 0.0 2.0
187 96 0.0 2.0
113 97 0.0 2.0
115 97 0.0 2.0
116 97 0.0 2.0
117 97 0.0 2.0
118 97 0.0 4.0
120 97 0.0 4.0
121 97 0.0 2.0
122 97 0.0 6.0
123 97 0.0 10.0
124 97 0.0 16.0
125 97 0.0 10.0
126 97 0.0 18.0
127 97 0.0 16.0
128 97 0.0 82.0
129 97 2.0 142.0
130 97 2.0 150.0
131 97 3.0 149.0
132 97 4.0 156.0
133 97 0.0 190.0
134 97 4.0 164.0
135 97 6.0 188.0
136 97 8.0 180.0
137 97 10.0 90.0
138 97 18.0 112.0
139 97 8.0 66.0
140 97 18.0 44.0
141 97 13.0 21.0
142 97 16.0 40.0
143 97 10.0 6.0
144 97 12.0 12.0
145 97 19.0 1.0
146 97 0.0 12.0
147 97 4.0 4.0
148 97 2.0 4.0
149 97 0.0 6.0
150 97 0.0 4.0
151 97 0.0 2.0
154 97 0.0 2.0
155 97 0.0 2.0
156 97 0.0 2.0
158 97 0.0 2.0
172 97 0.0 2.0
174 97 0.0 2.0
177 97 0.0 2.0
179 97 0.0 2.0
181 97 0.0 4.0
185 97 0.0 2.0
188 97 0.0 2.0
112 98 0.0 2.0
113 98 0.0 4.0
115 98 0.0 6.0
116 98 0.0 2.0
117 98 0.0 6.0
118 98 0.0 6.0
119 98 0.0 12.0
120 98 0.0 8.0
121 98 0.0 16.0
122 98 0.0 10.0
123 98 0.0 16.0
124 98 0.0 10.0
125 98 0.0 28.0
126 98 0.0 36.0
127 98 0.0 22.0
128 98 0.0 110.0
129 98 2.0 174.0
130 98 0.0 196.0
131 98 6.0 240.0
132 98 0.0 224.0
133 98 3.0 277.0
134 98 1.0 231.0
135 98 6.0 222.0
136 98 12.0 164.0
137 98 12.0 172.0
138 98 10.0 84.0
139 98 16.0 74.0
140 98 18.0 52.0
141 98 18.0 32.0
142 98 30.0 30.0
143 98 21.0 31.0
144 98 9.0 25.0
145 98 5.0 13.0
146 98 8.0 24.0
147 98 4.0 10.0
149 98 2.0 4.0
150 98 0.0 2.0
151 98 0.0 2.0
153 98 0.0 2.0
154 98 0.0 4.0
155 98 0.0 6.0
156 98 0.0 2.0
168 98 0.0 2.0
173 98 0.0 2.0
175 98 0.0 2.0
179 98 0.0 2.0
180 98 0.0 2.0
183 98 0.0 4.0
184 98 0.0 2.0
185 98 0.0 4.0
81 99 0.0 2.0
107 99 0.0 2.0
112 99 0.0 4.0
114 99 0.0 8.0
115 99 0.0 10.0
116 99 0.0 4.0
117 99 0.0 8.0
119 99 0.0 6.0
120 99 0.0 12.0
121 99 0.0 10.0
122 99 0.0 20.0
123 99 0.0 52.0
124 99 0.0 42.0
125 99 0.0 30.0
126 99 0.0 40.0
127 99 0.0 40.0
128 99 0.0 126.0
129 99 0.0 230.0
130 99 3.0 249.0
131 99 3.0 289.0
132 99 4.0 258.0
133 99 7.0 285.0
134 99 8.0 270.0
135 99 2.0 240.0
136 99 8.0 194.0
137 99 10.0 158.0
138 99 18.0 130.0
139 99 14.0 80.0
140 99 14.0 54.0
141 99 24.0 36.0
142 99 25.0 57.0
143 99 18.0 36.0
144 99 20.0 36.0
145 99 18.0 28.0
146 99 0.0 12.0
147 99 5.0 13.0
148 99 2.0 8.0
149 99 2.0 4.0
150 99 2.0 6.0
151 99 4.0 6.0
152 99 0.0 2.0
153 99 0.0 4.0
154 99 0.0 2.0
155 99 0.0 6.0
159 99 0.0 2.0
161 99 0.0 4.0
163 99 0.0 2.0
166 99 0.0 2.0
170 99 0.0 2.0
175 99 0.0 6.0
176 99 0.0 2.0
177 99 0.0 2.0
179 99 0.0 2.0
180 99 0.0 4.0
181 99 0.0 4.0
182 99 0.0 2.0
88 100 0.0 2.0
91 100 0.0 6.0
92 100 0.0 2.0
98 100 0.0 2.0
100 100 0.0 2.0
102 100 0.0 2.0
103 100 0.0 2.0
104 100 0.0 2.0
108 100 0.0 2.0
109 100 0.0 2.0
111 100 0.0 2.0
112 100 0.0 4.0
113 100 0.0 12.0
114 100 2.0 8.0
115 100 0.0 18.0
116 100 0.0 8.0
117 100 0.0 24.0
118 100 0.0 12.0
119 100 0.0 12.0
120 100 0.0 24.0
121 100 0.0 32.0
122 100 0.0 50.0
123 100 0.0 32.0
124 100 0.0 62.0
125 100 0.0 70.0
126 100 0.0 66.0
127 100 0.0 42.0
128 100 0.0 182.0
129 100 0.0 326.0
130 100 6.0 332.0
131 100 2.0 354.0
132 100 6.0 336.0
133 100 18.0 374.0
134 100 16.0 320.0
135 100 11.0 307.0
136 100 19.0 243.0
137 100 15.0 189.0
138 100 24.0 178.0
139 100 24.0 76.0
140 100 34.0 56.0
141 100 28.0 44.0
142 100 37.0 37.0
143 100 24.0 56.0
144 100 14.0 24.0
145 100 26.0 14.0
146 100 12.0 12.0
147 100 2.0 10.0
148 100 4.0 14.0
149 100 0.0 10.0
150 100 0.0 18.0
151 100 0.0 2.0
152 100 0.0 2.0
153 100 0.0 12.0
154 100 0.0 8.0
155 100 0.0 2.0
156 100 0.0 2.0
157 100 0.0 6.0
158 100 0.0 2.0
160 100 0.0 2.0
164 100 0.0 2.0
171 100 0.0 2.0
172 100 0.0 2.0
173 100 0.0 2.0
175 100 0.0 2.0
178 100 0.0 6.0
179 100 0.0 2.0
180 100 0.0 8.0
182 100 0.0 4.0
183 100 0.0 2.0
184 100 0.0 2.0
185 100 0.0 2.0
186 100 0.0 2.0
91 101 0.0 4.0
95 101 0.0 2.0
102 101 0.0 2.0
106 101 0.0 2.0
107 101 0.0 4.0
108 101 0.0 4.0
109 101 0.0 4.0
110 101 0.0 2.0
112 101 0.0 4.0
113 101 0.0 6.0
114 101 0.0 18.0
115 101 0.0 12.0
116 101 0.0 18.0
117 101 0.0 34.0
118 101 0.0 22.0
119 101 0.0 20.0
120 101 0.0 36.0
121 101 0.0 34.0
122 101 0.0 48.0
123 101 0.0 62.0
124 101 0.0 88.0
125 101 0.0 98.0
126 101 0.0 92.0
127 101 0.0 100.0
128 101 1.0 251.0
129 101 5.0 331.0
130 101 3.0 409.0
131 101 2.0 422.0
132 101 2.0 394.0
133 101 12.0 456.0
134 101 16.0 400.0
135 101 12.0 352.0
136 101 12.0 340.0
137 101 12.0 236.0
138 101 40.0 154.0
139 101 54.0 122.0
140 101 33.0 57.0
141 101 50.0 72.0
142 101 50.0 40.0
143 101 35.0 45.0
144 101 36.0 42.0
145 101 28.0 22.0
146 101 28.0 22.0
147 101 12.0 14.0
148 101 18.0 24.0
149 101 0.0 14.0
150 101 2.0 14.0
151 101 0.0 20.0
152 101 0.0 14.0
154 101 0.0 8.0
155 101 0.0 12.0
156 101 0.0 8.0
157 101 0.0 4.0
158 101 0.0 6.0
159 101 0.0 2.0
161 101 0.0 4.0
163 101 0.0 2.0
167 101 0.0 6.0
168 101 0.0 4.0
169 101 0.0 2.0
171 101 0.0 2.0
172 101 0.0 4.0
175 101 0.0 2.0
176 101 0.0 4.0
180 101 0.0 10.0
181 101 0.0 2.0
182 101 0.0 4.0
183 101 0.0 2.0
184 101 0.0 4.0
185 101 0.0 4.0
186 101 0.0 2.0
187 101 0.0 2.0
82 102 0.0 2.0
90 102 0.0 2.0
91 102 0.0 4.0
94 102 0.0 2.0
96 102 0.0 2.0
101 102 0.0 2.0
102 102 0.0 2.0
103 102 0.0 4.0
105 102 0.0 4.0
106 102 1.0 3.0
107 102 0.0 2.0
109 102 0.0 8.0
110 102 0.0 2.0
111 102 0.0 4.0
112 102 0.0 4.0
113 102 0.0 18.0
114 102 0.0 16.0
115 102 0.0 32.0
116 102 0.0 40.0
117 102 0.0 40.0
118 102 0.0 48.0
119 102 0.0 52.0
120 102 0.0 64.0
121 102 0.0 52.0
122 102 0.0 66.0
123 102 0.0 134.0
124 102 0.0 104.0
125 102 0.0 90.0
126 102 0.0 112.0
127 102 0.0 74.0
128 102 2.0 276.0
129 102 0.0 428.0
130 102 5.0 467.0
131 102 11.0 495.0
132 102 13.0 575.0
133 102 12.0 568.0
134 102 19.0 539.0
135 102 22.0 458.0
136 102 34.0 360.0
137 102 37.0 277.0
138 102 29.0 191.0
139 102 30.0 126.0
140 102 60.0 104.0
141 102 42.0 70.0
142 102 70.0 56.0
143 102 92.0 74.0
144 102 48.0 44.0
145 102 57.0 39.0
146 102 34.0 22.0
147 102 24.0 20.0
148 102 12.0 30.0
149 102 15.0 21.0
150 102 6.0 14.0
151 102 0.0 18.0
152 102 0.0 6.0
153 102 0.0 10.0
154 102 0.0 10.0
156 102 0.0 10.0
157 102 0.0 4.0
158 102 0.0 6.0
160 102 0.0 2.0
161 102 0.0 6.0
162 102 0.0 2.0
166 102 0.0 2.0
167 102 0.0 2.0
169 102 0.0 2.0
170 102 0.0 6.0
171 102 0.0 2.0
172 102 0.0 4.0
173 102 0.0 2.0
175 102 0.0 2.0
178 102 0.0 2.0
180 102 0.0 4.0
181 102 0.0 4.0
182 102 0.0 2.0
183 102 0.0 2.0
184 102 0.0 4.0
185 102 0.0 2.0
187 102 0.0 4.0
189 102 0.0 2.0
83 103 0.0 2.0
86 103 0.0 2.0
90 103 0.0 4.0
91 103 0.0 2.0
92 103 0.0 4.0
93 103 0.0 6.0
95 103 0.0 4.0
96 103 0.0 2.0
103 103 0.0 2.0
104 103 0.0 2.0
105 103 0.0 2.0
106 103 0.0 4.0
107 103 0.0 4.0
108 103 0.0 16.0
109 103 0.0 8.0
110 103 0.0 8.0
111 103 0.0 10.0
112 103 0.0 18.0
113 103 0.0 30.0
114 103 0.0 32.0
115 103 0.0 36.0
116 103 0.0 44.0
117 103 0.0 80.0
118 103 0.0 64.0
119 103 0.0 96.0
120 103 0.0 92.0
121 103 0.0 100.0
122 103 0.0 120.0
123 103 0.0 152.0
124 103 0.0 178.0
125 103 0.0 140.0
126 103 0.0 112.0
127 103 0.0 122.0
128 103 0.0 326.0
129 103 10.0 588.0
130 103 13.0 685.0
131 103 4.0 694.0
132 103 8.0 740.0
133 103 10.0 658.0
134 103 17.0 635.0
135 103 43.0 603.0
136 103 48.0 490.0
137 103 51.0 391.0
138 103 56.0 250.0
139 103 74.0 156.0
140 103 104.0 130.0
141 103 109.0 121.0
142 103 120.0 94.0
143 103 70.0 78.0
144 103 129.0 55.0
145 103 92.0 60.0
146 103 66.0 36.0
147 103 39.0 29.0
148 103 16.0 28.0
149 103 14.0 28.0
150 103 14.0 8.0
151 103 2.0 18.0
152 103 0.0 20.0
153 103 0.0 8.0
154 103 2.0 20.0
155 103 3.0 15.0
156 103 0.0 12.0
157 103 0.0 10.0
158 103 0.0 10.0
159 103 0.0 4.0
162 103 0.0 2.0
163 103 0.0 2.0
166 103 0.0 2.0
167 103 0.0 2.0
168 103 0.0 4.0
169 103 0.0 6.0
170 103 0.0 2.0
171 103 0.0 4.0
172 103 0.0 2.0
173 103 0.0 2.0
174 103 0.0 6.0
175 103 0.0 10.0
176 103 0.0 2.0
178 103 0.0 2.0
179 103 0.0 4.0
180 103 0.0 8.0
181 103 0.0 2.0
182 103 0.0 4.0
184 103 0.0 2.0
185 103 0.0 2.0
79 104 0.0 2.0
81 104 0.0 2.0
87 104 0.0 2.0
88 104 0.0 2.0
90 104 0.0 4.0
92 104 0.0 8.0
93 104 0.0 4.0
94 104 0.0 6.0
95 104 0.0 2.0
96 104 0.0 2.0
100 104 0.0 6.0
102 104 0.0 8.0
103 104 0.0 4.0
105 104 0.0 8.0
106 104 0.0 10.0
107 104 0.0 8.0
108 104 0.0 8.0
109 104 0.0 10.0
110 104 0.0 4.0
111 104 0.0 28.0
112 104 0.0 26.0
113 104 0.0 42.0
114 104 0.0 54.0
115 104 0.0 54.0
116 104 0.0 82.0
117 104 0.0 110.0
118 104 0.0 88.0
119 104 0.0 110.0
120 104 0.0 144.0
121 104 0.0 166.0
122 104 0.0 196.0
123 104 0.0 266.0
124 104 0.0 210.0
125 104 0.0 174.0
126 104 0.0 162.0
127 104 0.0 130.0
128 104 0.0 414.0
129 104 7.0 797.0
130 104 20.0 834.0
131 104 13.0 873.0
132 104 17.0 1071.0
133 104 16.0 970.0
134 104 42.0 924.0
135 104 46.0 786.0
136 104 55.0 607.0
137 104 84.0 508.0
138 104 113.0 383.0
139 104 133.0 237.0
140 104 165.0 175.0
141 104 168.0 128.0
142 104 176.0 120.0
143 104 188.0 96.0
144 104 156.0 82.0
145 104 152.0 54.0
146 104 76.0 52.0
147 104 66.0 26.0
148 104 53.0 47.0
149 104 15.0 27.0
150 104 6.0 18.0
151 104 14.0 18.0
152 104 2.0 12.0
153 104 0.0 20.0
154 104 0.0 16.0
155 104 0.0 6.0
156 104 0.0 8.0
157 104 0.0 2.0
159 104 0.0 8.0
160 104 0.0 2.0
162 104 0.0 2.0
163 104 0.0 4.0
164 104 0.0 2.0
165 104 0.0 4.0
167 104 0.0 2.0
168 104 0.0 2.0
169 104 0.0 4.0
171 104 0.0 6.0
172 104 0.0 6.0
173 104 0.0 8.0
174 104 0.0 2.0
175 104 0.0 2.0
176 104 0.0 2.0
178 104 0.0 2.0
179 104 0.0 2.0
180 104 0.0 2.0
181 104 0.0 2.0
182 104 0.0 2.0
183 104 0.0 2.0
185 104 0.0 2.0
83 105 0.0 2.0
88 105 0.0 2.0
90 105 0.0 4.0
94 105 0.0 2.0
96 105 0.0 8.0
97 105 0.0 4.0
99 105 0.0 2.0
100 105 0.0 4.0
102 105 0.0 2.0
103 105 0.0 2.0
104 105 0.0 4.0
105 105 0.0 12.0
106 105 0.0 6.0
107 105 0.0 6.0
108 105 0.0 12.0
109 105 0.0 8.0
110 105 0.0 32.0
111 105 1.0 43.0
112 105 0.0 48.0
113 105 0.0 60.0
114 105 0.0 90.0
115 105 0.0 112.0
116 105 0.0 120.0
117 105 0.0 118.0
118 105 0.0 154.0
119 105 0.0 162.0
120 105 0.0 190.0
121 105 0.0 250.0
122 105 0.0 236.0
123 105 0.0 314.0
124 105 2.0 284.0
125 105 0.0 266.0
126 105 0.0 238.0
127 105 0.0 180.0
128 105 2.0 554.0
129 105 15.0 1037.0
130 105 23.0 1145.0
131 105 11.0 1221.0
132 105 34.0 1256.0
133 105 28.0 1262.0
134 105 41.0 1283.0
135 105 75.0 1137.0
136 105 113.0 901.0
137 105 142.0 684.0
138 105 192.0 480.0
139 105 210.0 292.0
140 105 300.0 258.0
141 105 327.0 169.0
142 105 292.0 170.0
143 105 329.0 109.0
144 105 306.0 98.0
145 105 240.0 90.0
146 105 142.0 72.0
147 105 126.0 60.0
148 105 60.0 26.0
149 105 19.0 25.0
150 105 21.0 21.0
151 105 11.0 19.0
152 105 6.0 10.0
153 105 0.0 20.0
154 105 0.0 16.0
155 105 0.0 22.0
156 105 0.0 16.0
157 105 0.0 12.0
158 105 0.0 6.0
159 105 0.0 4.0
160 105 0.0 4.0
163 105 0.0 4.0
164 105 0.0 2.0
165 105 0.0 4.0
166 105 0.0 2.0
167 105 0.0 2.0
168 105 0.0 6.0
169 105 0.0 2.0
170 105 0.0 6.0
171 105 0.0 4.0
172 105 0.0 4.0
173 105 0.0 2.0
174 105 0.0 2.0
175 105 0.0 6.0
176 105 0.0 4.0
178 105 0.0 2.0
180 105 0.0 6.0
181 105 0.0 4.0
182 105 0.0 8.0
183 105 0.0 2.0
184 105 0.0 2.0
189 105 0.0 2.0
79 106 0.0 2.0
85 106 0.0 2.0
87 106 0.0 2.0
88 106 0.0 2.0
89 106 0.0 2.0
90 106 0.0 6.0
91 106 0.0 6.0
92 106 0.0 10.0
93 106 0.0 4.0
94 106 0.0 8.0
95 106 0.0 2.0
96 106 0.0 2.0
97 106 0.0 4.0
98 106 0.0 2.0
99 106 0.0 6.0
100 106 0.0 4.0
101 106 0.0 2.0
102 106 0.0 2.0
103 106 0.0 8.0
104 106 0.0 6.0
105 106 0.0 10.0
106 106 0.0 12.0
107 106 0.0 14.0
108 106 0.0 28.0
109 106 0.0 42.0
110 106 0.0 46.0
111 106 0.0 60.0
112 106 0.0 80.0
113 106 0.0 120.0
114 106 0.0 126.0
115 106 0.0 168.0
116 106 0.0 208.0
117 106 0.0 228.0
118 106 0.0 236.0
119 106 0.0 268.0
120 106 0.0 274.0
121 106 0.0 338.0
122 106 0.0 366.0
123 106 0.0 408.0
124 106 0.0 388.0
125 106 0.0 334.0
126 106 0.0 272.0
127 106 0.0 242.0
128 106 14.0 748.0
129 106 17.0 1431.0
130 106 18.0 1644.0
131 106 24.0 1810.0
132 106 34.0 1908.0
133 106 62.0 2032.0
134 106 94.0 1946.0
135 106 146.0 1702.0
136 106 133.0 1487.0
137 106 266.0 1014.0
138 106 291.0 767.0
139 106 433.0 451.0
140 106 486.0 368.0
141 106 540.0 240.0
142 106 570.0 178.0
143 106 506.0 160.0
144 106 470.0 98.0
145 106 400.0 132.0
146 106 296.0 76.0
147 106 202.0 74.0
148 106 119.0 49.0
149 106 98.0 36.0
150 106 34.0 28.0
151 106 14.0 30.0
152 106 4.0 30.0
153 106 2.0 18.0
154 106 2.0 12.0
155 106 0.0 14.0
156 106 0.0 20.0
157 106 0.0 12.0
158 106 0.0 8.0
160 106 0.0 6.0
161 106 0.0 8.0
162 106 0.0 4.0
163 106 0.0 6.0
164 106 0.0 2.0
165 106 0.0 2.0
167 106 0.0 8.0
168 106 0.0 4.0
169 106 0.0 4.0
170 106 0.0 2.0
171 106 0.0 2.0
172 106 0.0 8.0
174 106 0.0 2.0
176 106 0.0 4.0
178 106 0.0 2.0
179 106 0.0 4.0
180 106 0.0 4.0
183 106 0.0 2.0
72 107 0.0 2.0
79 107 0.0 2.0
80 107 0.0 2.0
81 107 0.0 4.0
82 107 0.0 2.0
84 107 0.0 4.0
85 107 0.0 2.0
86 107 0.0 2.0
88 107 0.0 4.0
89 107 0.0 6.0
91 107 0.0 8.0
92 107 0.0 2.0
93 107 0.0 2.0
96 107 0.0 8.0
97 107 0.0 2.0
98 107 0.0 10.0
99 107 0.0 8.0
100 107 0.0 4.0
101 107 0.0 6.0
102 107 0.0 10.0
103 107 0.0 10.0
104 107 0.0 8.0
105 107 0.0 18.0
106 107 0.0 18.0
107 107 0.0 20.0
108 107 0.0 26.0
109 107 0.0 42.0
110 107 0.0 72.0
111 107 0.0 114.0
112 107 0.0 140.0
113 107 1.0 177.0
114 107 0.0 204.0
115 107 0.0 278.0
116 107 0.0 266.0
117 107 0.0 284.0
118 107 0.0 326.0
119 107 0.0 390.0
120 107 0.0 410.0
121 107 0.0 472.0
122 107 0.0 536.0
123 107 0.0 576.0
124 107 0.0 562.0
125 107 0.0 400.0
126 107 0.0 356.0
127 107 0.0 288.0
128 107 12.0 1130.0
129 107 23.0 2075.0
130 107 37.0 2139.0
131 107 29.0 2559.0
132 107 71.0 2783.0
133 107 101.0 2837.0
134 107 151.0 2979.0
135 107 212.0 2750.0
136 107 354.0 2256.0
137 107 383.0 1757.0
138 107 550.0 1138.0
139 107 685.0 729.0
140 107 767.0 501.0
141 107 944.0 418.0
142 107 945.0 287.0
143 107 919.0 175.0
144 107 786.0 172.0
145 107 642.0 136.0
146 107 426.0 88.0
147 107 256.0 72.0
148 107 149.0 77.0
149 107 115.0 57.0
150 107 44.0 44.0
151 107 20.0 28.0
152 107 8.0 22.0
153 107 0.0 26.0
154 107 4.0 18.0
155 107 0.0 16.0
156 107 0.0 22.0
157 107 0.0 12.0
158 107 0.0 12.0
159 107 0.0 6.0
160 107 0.0 4.0
161 107 0.0 10.0
162 107 0.0 10.0
163 107 0.0 2.0
164 107 0.0 8.0
165 107 0.0 2.0
166 107 0.0 6.0
167 107 0.0 10.0
168 107 0.0 4.0
170 107 0.0 8.0
172 107 0.0 6.0
173 107 0.0 4.0
174 107 0.0 8.0
175 107 0.0 2.0
179 107 0.0 2.0
181 107 0.0 2.0
186 107 0.0 2.0
74 108 0.0 2.0
80 108 0.0 4.0
81 108 0.0 4.0
82 108 0.0 2.0
84 108 0.0 4.0
86 108 0.0 8.0
87 108 0.0 2.0
88 108 0.0 2.0
89 108 0.0 2.0
90 108 0.0 4.0
91 108 0.0 6.0
92 108 0.0 8.0
93 108 0.0 6.0
94 108 0.0 4.0
95 108 0.0 6.0
96 108 0.0 8.0
97 108 0.0 4.0
98 108 0.0 12.0
99 108 0.0 8.0
100 108 0.0 20.0
101 108 0.0 6.0
102 108 0.0 10.0
103 108 0.0 8.0
104 108 0.0 30.0
105 108 0.0 32.0
106 108 0.0 30.0
107 108 0.0 36.0
108 108 0.0 44.0
109 108 0.0 54.0
110 108 0.0 104.0
111 108 2.0 140.0
112 108 0.0 194.0
113 108 0.0 278.0
114 108 1.0 303.0
115 108 0.0 396.0
116 108 0.0 400.0
117 108 0.0 436.0
118 108 0.0 432.0
119 108 0.0 544.0
120 108 0.0 658.0
121 108 0.0 660.0
122 108 1.0 721.0
123 108 0.0 732.0
124 108 0.0 626.0
125 108 0.0 690.0
126 108 0.0 516.0
127 108 0.0 438.0
128 108 17.0 1599.0
129 108 57.0 2865.0
130 108 54.0 3110.0
131 108 63.0 3649.0
132 108 108.0 4240.0
133 108 149.0 4721.0
134 108 231.0 4851.0
135 108 366.0 4606.0
136 108 473.0 3773.0
137 108 710.0 2620.0
138 108 912.0 1838.0
139 108 1149.0 1119.0
140 108 1288.0 700.0
141 108 1446.0 496.0
142 108 1369.0 339.0
143 108 1263.0 297.0
144 108 1136.0 236.0
145 108 871.0 189.0
146 108 592.0 144.0
147 108 335.0 101.0
148 108 275.0 79.0
149 108 115.0 67.0
150 108 68.0 44.0
151 108 31.0 43.0
152 108 9.0 23.0
153 108 10.0 32.0
154 108 0.0 26.0
155 108 0.0 8.0
156 108 0.0 16.0
157 108 0.0 16.0
158 108 0.0 10.0
159 108 0.0 8.0
160 108 0.0 8.0
162 108 0.0 8.0
163 108 0.0 8.0
164 108 0.0 6.0
166 108 0.0 8.0
167 108 0.0 4.0
168 108 0.0 8.0
170 108 0.0 4.0
171 108 0.0 2.0
172 108 0.0 8.0
174 108 0.0 2.0
175 108 0.0 2.0
179 108 0.0 2.0
182 108 0.0 4.0
78 109 0.0 2.0
81 109 0.0 6.0
82 109 0.0 2.0
83 109 0.0 4.0
84 109 0.0 4.0
85 109 0.0 10.0
86 109 0.0 10.0
87 109 0.0 4.0
88 109 0.0 6.0
89 109 0.0 4.0
90 109 0.0 4.0
91 109 0.0 4.0
92 109 0.0 4.0
93 109 0.0 2.0
94 109 0.0 6.0
95 109 0.0 4.0
96 109 0.0 8.0
97 109 0.0 6.0
98 109 0.0 14.0
99 109 0.0 14.0
100 109 0.0 30.0
101 109 0.0 14.0
102 109 0.0 24.0
103 109 0.0 32.0
104 109 0.0 36.0
105 109 0.0 36.0
106 109 0.0 48.0
107 109 0.0 64.0
108 109 0.0 62.0
109 109 0.0 104.0
110 109 0.0 182.0
111 109 0.0 182.0
112 109 2.0 356.0
113 109 0.0 418.0
114 109 0.0 470.0
115 109 1.0 589.0
116 109 0.0 596.0
117 109 1.0 695.0
118 109 0.0 696.0
119 109 1.0 841.0
120 109 0.0 876.0
121 109 0.0 942.0
122 109 0.0 1108.0
123 109 0.0 972.0
124 109 0.0 982.0
125 109 0.0 942.0
126 109 2.0 732.0
127 109 1.0 597.0
128 109 20.0 2116.0
129 109 60.0 3972.0
130 109 84.0 4770.0
131 109 107.0 5835.0
132 109 180.0 6538.0
133 109 262.0 7254.0
134 109 402.0 7502.0
135 109 592.0 6776.0
136 109 747.0 5687.0
137 109 1121.0 4197.0
138 109 1337.0 2821.0
139 109 1752.0 1700.0
140 109 2055.0 1011.0
141 109 2071.0 653.0
142 109 2071.0 413.0
143 109 1847.0 335.0
144 109 1639.0 239.0
145 109 1235.0 247.0
146 109 835.0 173.0
147 109 574.0 152.0
148 109 340.0 122.0
149 109 158.0 90.0
150 109 89.0 59.0
151 109 42.0 64.0
152 109 14.0 40.0
153 109 2.0 18.0
154 109 2.0 20.0
155 109 0.0 34.0
156 109 1.0 13.0
157 109 1.0 13.0
158 109 0.0 18.0
159 109 0.0 20.0
160 109 0.0 4.0
161 109 0.0 8.0
162 109 0.0 6.0
163 109 0.0 6.0
164 109 0.0 2.0
165 109 0.0 4.0
166 109 0.0 4.0
167 109 0.0 4.0
168 109 0.0 6.0
169 109 0.0 6.0
170 109 0.0 6.0
171 109 0.0 4.0
174 109 0.0 6.0
175 109 0.0 8.0
176 109 0.0 2.0
179 109 0.0 4.0
180 109 0.0 2.0
182 109 0.0 2.0
187 109 0.0 2.0
78 110 0.0 2.0
80 110 0.0 4.0
81 110 0.0 4.0
83 110 0.0 6.0
84 110 0.0 2.0
85 110 0.0 12.0
86 110 0.0 6.0
87 110 0.0 4.0
88 110 0.0 4.0
89 110 0.0 10.0
90 110 0.0 10.0
91 110 0.0 4.0
92 110 0.0 10.0
93 110 0.0 8.0
94 110 0.0 2.0
95 110 0.0 14.0
96 110 0.0 16.0
97 110 0.0 10.0
98 110 0.0 10.0
99 110 0.0 22.0
100 110 0.0 32.0
101 110 0.0 32.0
102 110 0.0 46.0
103 110 0.0 36.0
104 110 0.0 46.0
105 110 0.0 50.0
106 110 0.0 60.0
107 110 0.0 66.0
108 110 0.0 124.0
109 110 0.0 206.0
110 110 0.0 234.0
111 110 2.0 362.0
112 110 2.0 436.0
113 110 0.0 600.0
114 110 0.0 660.0
115 110 1.0 799.0
116 110 0.0 886.0
117 110 2.0 1052.0
118 110 0.0 1008.0
119 110 0.0 1090.0
120 110 0.0 1216.0
121 110 0.0 1214.0
122 110 0.0 1260.0
123 110 0.0 1466.0
124 110 1.0 1321.0
125 110 2.0 1140.0
126 110 2.0 978.0
127 110 1.0 799.0
128 110 53.0 3115.0
129 110 125.0 5613.0
130 110 107.0 6767.0
131 110 183.0 8167.0
132 110 229.0 9843.0
133 110 388.0 10946.0
134 110 540.0 11350.0
135 110 913.0 10455.0
136 110 1198.0 8740.0
137 110 1789.0 6427.0
138 110 2098.0 4176.0
139 110 2521.0 2465.0
140 110 2726.0 1528.0
141 110 2879.0 961.0
142 110 2834.0 586.0
143 110 2529.0 441.0
144 110 2026.0 336.0
145 110 1650.0 248.0
146 110 1113.0 239.0
147 110 755.0 199.0
148 110 411.0 169.0
149 110 239.0 105.0
150 110 112.0 90.0
151 110 41.0 51.0
152 110 17.0 47.0
153 110 6.0 28.0
154 110 0.0 24.0
155 110 0.0 30.0
156 110 2.0 12.0
157 110 0.0 20.0
158 110 0.0 8.0
159 110 0.0 10.0
160 110 0.0 10.0
161 110 0.0 10.0
162 110 0.0 6.0
163 110 0.0 14.0
164 110 0.0 4.0
165 110 0.0 4.0
166 110 0.0 6.0
167 110 0.0 4.0
168 110 0.0 4.0
170 110 0.0 8.0
171 110 0.0 6.0
172 110 0.0 4.0
174 110 0.0 2.0
175 110 0.0 8.0
176 110 0.0 2.0
177 110 0.0 4.0
181 110 0.0 2.0
184 110 0.0 2.0
77 111 0.0 2.0
78 111 0.0 2.0
79 111 0.0 2.0
80 111 0.0 2.0
81 111 0.0 4.0
82 111 0.0 2.0
83 111 0.0 4.0
84 111 0.0 4.0
85 111 0.0 6.0
86 111 0.0 8.0
87 111 0.0 4.0
88 111 0.0 4.0
89 111 0.0 8.0
90 111 0.0 10.0
91 111 0.0 8.0
92 111 0.0 4.0
93 111 0.0 8.0
94 111 0.0 2.0
95 111 0.0 24.0
96 111 0.0 26.0
97 111 0.0 18.0
98 111 0.0 32.0
99 111 0.0 34.0
100 111 0.0 38.0
101 111 0.0 52.0
102 111 0.0 66.0
103 111 0.0 64.0
104 111 0.0 78.0
105 111 0.0 100.0
106 111 0.0 128.0
107 111 0.0 140.0
108 111 3.0 209.0
109 111 0.0 278.0
110 111 0.0 408.0
111 111 2.0 480.0
112 111 2.0 610.0
113 111 0.0 814.0
114 111 2.0 922.0
115 111 3.0 1011.0
116 111 1.0 1239.0
117 111 1.0 1425.0
118 111 0.0 1426.0
119 111 0.0 1472.0
120 111 0.0 1666.0
121 111 1.0 1891.0
122 111 0.0 1828.0
123 111 10.0 1910.0
124 111 0.0 2004.0
125 111 6.0 1778.0
126 111 3.0 1347.0
127 111 12.0 1336.0
128 111 75.0 4355.0
129 111 152.0 8206.0
130 111 199.0 9915.0
131 111 338.0 12694.0
132 111 486.0 15496.0
133 111 656.0 17010.0
134 111 922.0 16942.0
135 111 1385.0 15567.0
136 111 1882.0 12490.0
137 111 2382.0 8754.0
138 111 2886.0 5594.0
139 111 3393.0 3229.0
140 111 3583.0 1819.0
141 111 4005.0 1081.0
142 111 3635.0 751.0
143 111 3609.0 555.0
144 111 2819.0 427.0
145 111 2035.0 357.0
146 111 1403.0 245.0
147 111 936.0 240.0
148 111 512.0 154.0
149 111 267.0 137.0
150 111 94.0 100.0
151 111 34.0 72.0
152 111 24.0 68.0
153 111 2.0 62.0
154 111 4.0 46.0
155 111 4.0 18.0
156 111 2.0 36.0
157 111 0.0 20.0
158 111 0.0 8.0
159 111 0.0 6.0
160 111 0.0 14.0
161 111 0.0 12.0
162 111 0.0 8.0
163 111 0.0 2.0
164 111 0.0 8.0
165 111 0.0 4.0
166 111 0.0 4.0
167 111 0.0 2.0
169 111 0.0 2.0
172 111 0.0 6.0
177 111 0.0 2.0
179 111 0.0 2.0
180 111 0.0 2.0
181 111 0.0 2.0
74 112 0.0 2.0
77 112 0.0 2.0
78 112 0.0 6.0
79 112 0.0 8.0
81 112 0.0 4.0
82 112 0.0 6.0
83 112 0.0 4.0
84 112 0.0 8.0
85 112 0.0 4.0
86 112 0.0 8.0
87 112 0.0 12.0
88 112 0.0 8.0
90 112 0.0 2.0
91 112 0.0 10.0
92 112 0.0 18.0
93 112 0.0 22.0
94 112 0.0 14.0
95 112 0.0 10.0
96 112 0.0 32.0
97 112 0.0 40.0
98 112 0.0 38.0
99 112 0.0 62.0
100 112 0.0 48.0
101 112 0.0 88.0
102 112 0.0 92.0
103 112 0.0 112.0
104 112 0.0 110.0
105 112 0.0 144.0
106 112 0.0 150.0
107 112 1.0 191.0
108 112 1.0 275.0
109 112 0.0 408.0
110 112 3.0 489.0
111 112 2.0 610.0
112 112 5.0 885.0
113 112 2.0 1188.0
114 112 3.0 1359.0
115 112 4.0 1674.0
116 112 2.0 1730.0
117 112 1.0 1871.0
118 112 0.0 1954.0
119 112 2.0 2074.0
120 112 4.0 2280.0
121 112 2.0 2500.0
122 112 2.0 2596.0
123 112 2.0 2650.0
124 112 2.0 2682.0
125 112 4.0 2412.0
126 112 7.0 2135.0
127 112 11.0 1805.0
128 112 97.0 6331.0
129 112 229.0 11463.0
130 112 281.0 14039.0
131 112 413.0 17601.0
132 112 647.0 21927.0
133 112 974.0 23614.0
134 112 1350.0 24110.0
135 112 1861.0 21117.0
136 112 2460.0 17062.0
137 112 3179.0 11903.0
138 112 3891.0 7643.0
139 112 4196.0 4250.0
140 112 4737.0 2403.0
141 112 4845.0 1503.0
142 112 4617.0 925.0
143 112 4003.0 627.0
144 112 3292.0 532.0
145 112 2500.0 390.0
146 112 1609.0 309.0
147 112 1143.0 273.0
148 112 583.0 197.0
149 112 288.0 162.0
150 112 149.0 117.0
151 112 49.0 107.0
152 112 20.0 80.0
153 112 13.0 91.0
154 112 6.0 46.0
155 112 2.0 24.0
156 112 2.0 28.0
157 112 0.0 24.0
158 112 0.0 24.0
159 112 0.0 22.0
160 112 0.0 14.0
161 112 0.0 8.0
162 112 0.0 18.0
163 112 0.0 6.0
164 112 0.0 14.0
165 112 0.0 14.0
166 112 0.0 2.0
167 112 0.0 6.0
168 112 0.0 2.0
169 112 0.0 2.0
171 112 0.0 2.0
172 112 0.0 2.0
174 112 0.0 2.0
177 112 0.0 2.0
179 112 0.0 2.0
73 113 0.0 2.0
77 113 0.0 2.0
79 113 0.0 2.0
80 113 0.0 6.0
81 113 0.0 2.0
82 113 0.0 8.0
83 113 0.0 12.0
84 113 0.0 14.0
85 113 0.0 18.0
86 113 0.0 14.0
87 113 0.0 10.0
88 113 0.0 14.0
89 113 0.0 16.0
90 113 0.0 26.0
91 113 0.0 10.0
92 113 0.0 16.0
93 113 0.0 28.0
94 113 0.0 28.0
95 113 0.0 26.0
96 113 0.0 46.0
97 113 0.0 48.0
98 113 0.0 64.0
99 113 0.0 80.0
100 113 0.0 92.0
101 113 0.0 114.0
102 113 0.0 140.0
103 113 0.0 158.0
104 113 1.0 147.0
105 113 0.0 192.0
106 113 0.0 276.0
107 113 0.0 296.0
108 113 2.0 402.0
109 113 2.0 496.0
110 113 0.0 766.0
111 113 3.0 919.0
112 113 1.0 1157.0
113 113 11.0 1515.0
114 113 5.0 1963.0
115 113 3.0 2139.0
116 113 3.0 2397.0
117 113 2.0 2430.0
118 113 3.0 2619.0
119 113 3.0 2681.0
120 113 1.0 3015.0
121 113 0.0 3376.0
122 113 6.0 3724.0
123 113 9.0 3741.0
124 113 9.0 3737.0
125 113 8.0 3420.0
126 113 15.0 3149.0
127 113 17.0 2735.0
128 113 150.0 8848.0
129 113 338.0 16568.0
130 113 460.0 20010.0
131 113 691.0 25011.0
132 113 959.0 29861.0
133 113 1361.0 32313.0
134 113 1793.0 32981.0
135 113 2375.0 28203.0
136 113 3335.0 21697.0
137 113 3894.0 15420.0
138 113 4693.0 9275.0
139 113 5352.0 5178.0
140 113 5347.0 2787.0
141 113 5486.0 1676.0
142 113 5485.0 987.0
143 113 4706.0 770.0
144 113 3816.0 542.0
145 113 2726.0 418.0
146 113 1807.0 335.0
147 113 1126.0 292.0
148 113 669.0 183.0
149 113 265.0 189.0
150 113 141.0 129.0
151 113 49.0 105.0
152 113 20.0 100.0
153 113 15.0 69.0
154 113 8.0 60.0
155 113 2.0 52.0
156 113 2.0 24.0
157 113 3.0 17.0
158 113 0.0 22.0
159 113 0.0 12.0
160 113 0.0 8.0
161 113 0.0 8.0
162 113 0.0 4.0
164 113 0.0 4.0
165 113 0.0 4.0
166 113 0.0 4.0
167 113 0.0 8.0
168 113 0.0 4.0
169 113 0.0 6.0
170 113 0.0 2.0
171 113 0.0 4.0
172 113 0.0 4.0
173 113 0.0 4.0
174 113 0.0 2.0
180 113 0.0 2.0
183 113 0.0 2.0
70 114 0.0 2.0
80 114 0.0 8.0
81 114 0.0 14.0
82 114 0.0 6.0
83 114 0.0 12.0
84 114 0.0 6.0
85 114 0.0 10.0
86 114 0.0 6.0
87 114 0.0 12.0
88 114 0.0 20.0
89 114 0.0 14.0
90 114 0.0 16.0
91 114 0.0 34.0
92 114 0.0 30.0
93 114 0.0 22.0
94 114 0.0 32.0
95 114 0.0 38.0
96 114 0.0 68.0
97 114 0.0 96.0
98 114 0.0 72.0
99 114 0.0 120.0
100 114 0.0 146.0
101 114 0.0 154.0
102 114 0.0 152.0
103 114 0.0 250.0
104 114 0.0 232.0
105 114 1.0 329.0
106 114 0.0 380.0
107 114 0.0 430.0
108 114 3.0 539.0
109 114 1.0 783.0
110 114 3.0 903.0
111 114 5.0 1271.0
112 114 6.0 1694.0
113 114 10.0 2152.0
114 114 3.0 2717.0
115 114 3.0 3027.0
116 114 5.0 3185.0
117 114 1.0 3489.0
118 114 0.0 3662.0
119 114 2.0 3608.0
120 114 0.0 4100.0
121 114 5.0 4439.0
122 114 1.0 4891.0
123 114 2.0 5636.0
124 114 4.0 5706.0
125 114 17.0 5681.0
126 114 19.0 5021.0
127 114 23.0 4459.0
128 114 234.0 12442.0
129 114 420.0 21872.0
130 114 581.0 26651.0
131 114 854.0 32916.0
132 114 1319.0 39387.0
133 114 1792.0 42884.0
134 114 2599.0 41647.0
135 114 2977.0 36517.0
136 114 3859.0 28013.0
137 114 4661.0 19233.0
138 114 5250.0 11398.0
139 114 5769.0 6321.0
140 114 6043.0 3267.0
141 114 6150.0 1772.0
142 114 5611.0 1077.0
143 114 5097.0 717.0
144 114 4019.0 511.0
145 114 3031.0 439.0
146 114 2025.0 349.0
147 114 1138.0 254.0
148 114 670.0 240.0
149 114 364.0 222.0
150 114 116.0 156.0
151 114 74.0 112.0
152 114 23.0 83.0
153 114 8.0 82.0
154 114 2.0 64.0
155 114 2.0 30.0
156 114 0.0 26.0
157 114 0.0 28.0
158 114 0.0 20.0
159 114 0.0 14.0
160 114 0.0 18.0
161 114 0.0 12.0
162 114 0.0 16.0
163 114 0.0 8.0
164 114 0.0 14.0
165 114 0.0 8.0
166 114 0.0 2.0
167 114 0.0 4.0
170 114 0.0 2.0
172 114 0.0 4.0
174 114 0.0 4.0
175 114 0.0 2.0
176 114 0.0 2.0
69 115 0.0 2.0
74 115 0.0 2.0
75 115 0.0 2.0
76 115 0.0 4.0
77 115 0.0 10.0
78 115 0.0 12.0
79 115 0.0 10.0
80 115 0.0 8.0
81 115 0.0 6.0
82 115 0.0 10.0
83 115 0.0 10.0
84 115 0.0 12.0
85 115 0.0 8.0
86 115 0.0 8.0
87 115 0.0 18.0
88 115 0.0 22.0
89 115 0.0 12.0
90 115 0.0 12.0
91 115 0.0 26.0
92 115 0.0 42.0
93 115 0.0 30.0
94 115 0.0 36.0
95 115 0.0 40.0
96 115 0.0 62.0
97 115 0.0 102.0
98 115 0.0 126.0
99 115 0.0 164.0
100 115 0.0 164.0
101 115 0.0 204.0
102 115 0.0 280.0
103 115 0.0 318.0
104 115 0.0 368.0
105 115 2.0 406.0
106 115 0.0 538.0
107 115 0.0 596.0
108 115 3.0 759.0
109 115 3.0 1011.0
110 115 1.0 1299.0
111 115 7.0 1743.0
112 115 4.0 2276.0
113 115 1.0 3167.0
114 115 7.0 3837.0
115 115 3.0 4565.0
116 115 10.0 4794.0
117 115 1.0 4627.0
118 115 2.0 4832.0
119 115 4.0 5112.0
120 115 1.0 5457.0
121 115 1.0 6403.0
122 115 9.0 7599.0
123 115 2.0 8636.0
124 115 9.0 9157.0
125 115 32.0 8490.0
126 115 36.0 7784.0
127 115 56.0 6860.0
128 115 275.0 16389.0
129 115 554.0 29166.0
130 115 741.0 34463.0
131 115 1145.0 42341.0
132 115 1568.0 51032.0
133 115 2360.0 54374.0
134 115 2982.0 52096.0
135 115 3744.0 44026.0
136 115 4310.0 32372.0
137 115 5175.0 21151.0
138 115 5765.0 12503.0
139 115 6064.0 6700.0
140 115 6367.0 3383.0
141 115 6437.0 1817.0
142 115 6064.0 1090.0
143 115 5252.0 770.0
144 115 4087.0 541.0
145 115 3082.0 422.0
146 115 1958.0 374.0
147 115 1156.0 234.0
148 115 644.0 252.0
149 115 367.0 197.0
150 115 150.0 178.0
151 115 78.0 156.0
152 115 28.0 102.0
153 115 8.0 76.0
154 115 12.0 62.0
155 115 4.0 46.0
156 115 0.0 26.0
157 115 0.0 16.0
158 115 2.0 18.0
159 115 0.0 8.0
160 115 0.0 6.0
161 115 0.0 10.0
162 115 0.0 8.0
163 115 0.0 12.0
164 115 0.0 4.0
165 115 0.0 10.0
166 115 0.0 2.0
167 115 0.0 6.0
168 115 0.0 2.0
169 115 0.0 6.0
170 115 0.0 2.0
172 115 0.0 6.0
173 115 0.0 2.0
176 115 0.0 2.0
182 115 0.0 2.0
76 116 0.0 2.0
77 116 0.0 4.0
78 116 0.0 2.0
79 116 0.0 10.0
80 116 0.0 4.0
81 116 0.0 8.0
82 116 0.0 12.0
83 116 0.0 14.0
84 116 0.0 14.0
85 116 0.0 16.0
86 116 0.0 14.0
87 116 0.0 14.0
88 116 0.0 24.0
89 116 0.0 24.0
90 116 0.0 24.0
91 116 0.0 38.0
92 116 0.0 46.0
93 116 0.0 66.0
94 116 0.0 66.0
95 116 0.0 62.0
96 116 0.0 110.0
97 116 0.0 106.0
98 116 0.0 134.0
99 116 0.0 184.0
100 116 0.0 250.0
101 116 1.0 315.0
102 116 0.0 310.0
103 116 0.0 376.0
104 116 0.0 480.0
105 116 0.0 550.0
106 116 2.0 684.0
107 116 2.0 800.0
108 116 3.0 969.0
109 116 3.0 1257.0
110 116 3.0 1777.0
111 116 10.0 2432.0
112 116 9.0 3537.0
113 116 5.0 4623.0
114 116 8.0 5642.0
115 116 5.0 6575.0
116 116 5.0 6743.0
117 116 5.0 6677.0
118 116 4.0 6616.0
119 116 2.0 7256.0
120 116 16.0 8052.0
121 116 4.0 9498.0
122 116 9.0 11781.0
123 116 12.0 13460.0
124 116 14.0 14780.0
125 116 39.0 14021.0
126 116 54.0 12540.0
127 116 69.0 10663.0
128 116 296.0 22368.0
129 116 789.0 37867.0
130 116 976.0 44076.0
131 116 1491.0 51281.0
132 116 1932.0 58842.0
133 116 2679.0 61959.0
134 116 3256.0 56808.0
135 116 4126.0 47794.0
136 116 4396.0 35046.0
137 116 5377.0 22999.0
138 116 5943.0 13271.0
139 116 6137.0 7027.0
140 116 6367.0 3623.0
141 116 6248.0 1764.0
142 116 5929.0 1113.0
143 116 4685.0 745.0
144 116 3755.0 599.0
145 116 2706.0 406.0
146 116 1750.0 386.0
147 116 1054.0 288.0
148 116 521.0 259.0
149 116 270.0 216.0
150 116 127.0 165.0
151 116 58.0 116.0
152 116 26.0 104.0
153 116 2.0 64.0
154 116 8.0 44.0
155 116 1.0 39.0
156 116 0.0 32.0
157 116 0.0 22.0
158 116 0.0 24.0
159 116 0.0 12.0
160 116 0.0 8.0
161 116 0.0 8.0
162 116 0.0 6.0
163 116 0.0 6.0
164 116 0.0 4.0
165 116 0.0 6.0
166 116 0.0 4.0
168 116 0.0 2.0
169 116 0.0 2.0
170 116 0.0 2.0
173 116 0.0 2.0
70 117 0.0 2.0
78 117 0.0 4.0
79 117 0.0 4.0
80 117 0.0 10.0
81 117 0.0 14.0
82 117 0.0 4.0
83 117 0.0 12.0
84 117 0.0 8.0
85 117 0.0 18.0
86 117 0.0 6.0
87 117 0.0 14.0
88 117 0.0 24.0
89 117 0.0 28.0
90 117 0.0 42.0
91 117 0.0 30.0
92 117 0.0 56.0
93 117 0.0 84.0
94 117 0.0 78.0
95 117 0.0 96.0
96 117 0.0 108.0
97 117 0.0 170.0
98 117 0.0 170.0
99 117 0.0 240.0
100 117 0.0 288.0
101 117 0.0 362.0
102 117 0.0 428.0
103 117 0.0 528.0
104 117 1.0 631.0
105 117 1.0 733.0
106 117 0.0 798.0
107 117 3.0 1039.0
108 117 6.0 1348.0
109 117 4.0 1708.0
110 117 6.0 2512.0
111 117 9.0 3541.0
112 117 11.0 5377.0
113 117 9.0 7155.0
114 117 9.0 8909.0
115 117 11.0 10013.0
116 117 3.0 9927.0
117 117 8.0 9406.0
118 117 5.0 9433.0
119 117 7.0 9871.0
120 117 4.0 11464.0
121 117 4.0 14294.0
122 117 16.0 18058.0
123 117 13.0 20997.0
124 117 31.0 23401.0
125 117 61.0 23143.0
126 117 83.0 19799.0
127 117 99.0 16147.0
128 117 457.0 28477.0
129 117 821.0 45477.0
130 117 1102.0 50352.0
131 117 1696.0 57668.0
132 117 2239.0 64173.0
133 117 2974.0 67014.0
134 117 3539.0 60841.0
135 117 4209.0 50717.0
136 117 4483.0 35741.0
137 117 5132.0 23132.0
138 117 5278.0 12832.0
139 117 5821.0 6717.0
140 117 5690.0 3316.0
141 117 5516.0 1842.0
142 117 5158.0 1040.0
143 117 4410.0 602.0
144 117 3326.0 492.0
145 117 2363.0 411.0
146 117 1537.0 287.0
147 117 930.0 298.0
148 117 434.0 232.0
149 117 246.0 180.0
150 117 100.0 130.0
151 117 50.0 120.0
152 117 20.0 86.0
153 117 6.0 60.0
154 117 2.0 54.0
155 117 5.0 35.0
156 117 0.0 40.0
157 117 0.0 30.0
158 117 0.0 20.0
159 117 0.0 14.0
160 117 0.0 8.0
161 117 0.0 2.0
162 117 0.0 8.0
163 117 0.0 4.0
164 117 0.0 2.0
165 117 0.0 2.0
166 117 0.0 2.0
167 117 0.0 4.0
168 117 0.0 2.0
170 117 0.0 2.0
173 117 0.0 2.0
63 118 0.0 2.0
69 118 0.0 6.0
70 118 0.0 4.0
71 118 0.0 4.0
72 118 0.0 4.0
73 118 0.0 2.0
74 118 0.0 2.0
75 118 0.0 2.0
76 118 0.0 2.0
78 118 0.0 4.0
79 118 0.0 8.0
81 118 0.0 10.0
82 118 0.0 16.0
83 118 0.0 20.0
84 118 0.0 10.0
85 118 0.0 18.0
86 118 0.0 28.0
87 118 0.0 22.0
88 118 0.0 36.0
89 118 0.0 38.0
90 118 0.0 38.0
91 118 0.0 52.0
92 118 0.0 86.0
93 118 0.0 98.0
94 118 0.0 98.0
95 118 0.0 124.0
96 118 0.0 136.0
97 118 0.0 172.0
98 118 0.0 232.0
99 118 0.0 318.0
100 118 0.0 342.0
101 118 1.0 449.0
102 118 0.0 492.0
103 118 0.0 614.0
104 118 0.0 736.0
105 118 2.0 878.0
106 118 3.0 1133.0
107 118 0.0 1346.0
108 118 1.0 1739.0
109 118 3.0 2373.0
110 118 4.0 3544.0
111 118 2.0 5240.0
112 118 8.0 7926.0
113 118 6.0 11186.0
114 118 12.0 13800.0
115 118 8.0 14356.0
116 118 9.0 14139.0
117 118 3.0 13493.0
118 118 12.0 13246.0
119 118 20.0 14226.0
120 118 8.0 17062.0
121 118 19.0 21513.0
122 118 21.0 27671.0
123 118 23.0 33533.0
124 118 48.0 36804.0
125 118 64.0 35012.0
126 118 95.0 29103.0
127 118 125.0 22957.0
128 118 517.0 35719.0
129 118 910.0 52440.0
130 118 1302.0 56992.0
131 118 1801.0 62991.0
132 118 2521.0 68719.0
133 118 2864.0 67312.0
134 118 3566.0 59774.0
135 118 3966.0 47950.0
136 118 4277.0 33517.0
137 118 4556.0 20676.0
138 118 4667.0 11241.0
139 118 5000.0 5894.0
140 118 5017.0 3079.0
141 118 4815.0 1555.0
142 118 4292.0 974.0
143 118 3559.0 607.0
144 118 2978.0 428.0
145 118 1936.0 310.0
146 118 1176.0 292.0
147 118 698.0 238.0
148 118 344.0 222.0
149 118 183.0 175.0
150 118 79.0 109.0
151 118 42.0 88.0
152 118 15.0 65.0
153 118 2.0 66.0
154 118 2.0 38.0
155 118 0.0 32.0
156 118 0.0 22.0
157 118 0.0 20.0
158 118 0.0 4.0
159 118 0.0 8.0
160 118 0.0 12.0
161 118 0.0 2.0
162 118 0.0 6.0
164 118 0.0 8.0
166 118 0.0 2.0
167 118 0.0 2.0
168 118 0.0 2.0
169 118 0.0 4.0
170 118 0.0 2.0
172 118 0.0 2.0
173 118 0.0 2.0
63 119 0.0 2.0
68 119 0.0 2.0
71 119 0.0 2.0
72 119 0.0 2.0
73 119 0.0 2.0
74 119 0.0 2.0
77 119 0.0 4.0
78 119 0.0 12.0
79 119 0.0 8.0
80 119 0.0 8.0
81 119 0.0 4.0
82 119 0.0 8.0
83 119 0.0 22.0
84 119 0.0 10.0
85 119 0.0 12.0
86 119 0.0 32.0
87 119 0.0 30.0
88 119 0.0 34.0
89 119 0.0 62.0
90 119 0.0 62.0
91 119 0.0 58.0
92 119 0.0 62.0
93 119 0.0 112.0
94 119 0.0 110.0
95 119 0.0 150.0
96 119 0.0 190.0
97 119 0.0 226.0
98 119 0.0 288.0
99 119 0.0 348.0
100 119 0.0 462.0
101 119 0.0 526.0
102 119 1.0 679.0
103 119 1.0 743.0
104 119 2.0 832.0
105 119 0.0 1068.0
106 119 6.0 1364.0
107 119 3.0 1753.0
108 119 1.0 2331.0
109 119 8.0 3324.0
110 119 6.0 4984.0
111 119 5.0 7959.0
112 119 11.0 11881.0
113 119 6.0 16376.0
114 119 11.0 19789.0
115 119 6.0 21606.0
116 119 17.0 20375.0
117 119 3.0 18883.0
118 119 15.0 17699.0
119 119 22.0 19890.0
120 119 14.0 24964.0
121 119 25.0 32595.0
122 119 35.0 42161.0
123 119 34.0 50978.0
124 119 49.0 56767.0
125 119 76.0 54646.0
126 119 119.0 44315.0
127 119 167.0 33307.0
128 119 553.0 43383.0
129 119 938.0 58782.0
130 119 1232.0 58816.0
131 119 1747.0 62297.0
132 119 2365.0 65795.0
133 119 2973.0 63499.0
134 119 3332.0 54166.0
135 119 3692.0 41048.0
136 119 3654.0 28076.0
137 119 4024.0 17024.0
138 119 4041.0 9351.0
139 119 3964.0 4898.0
140 119 3923.0 2509.0
141 119 3832.0 1346.0
142 119 3454.0 876.0
143 119 2767.0 517.0
144 119 2102.0 344.0
145 119 1374.0 262.0
146 119 961.0 255.0
147 119 492.0 220.0
148 119 275.0 135.0
149 119 124.0 158.0
150 119 47.0 117.0
151 119 30.0 92.0
152 119 9.0 71.0
153 119 5.0 39.0
154 119 0.0 34.0
155 119 0.0 26.0
156 119 0.0 20.0
157 119 0.0 20.0
158 119 0.0 12.0
159 119 0.0 10.0
160 119 0.0 8.0
161 119 0.0 4.0
162 119 0.0 6.0
163 119 0.0 6.0
164 119 0.0 2.0
165 119 0.0 2.0
166 119 0.0 10.0
167 119 0.0 2.0
168 119 0.0 4.0
169 119 0.0 2.0
171 119 0.0 2.0
66 120 0.0 2.0
72 120 0.0 2.0
75 120 0.0 2.0
76 120 0.0 2.0
77 120 0.0 6.0
78 120 0.0 4.0
79 120 0.0 4.0
80 120 0.0 10.0
81 120 0.0 12.0
82 120 0.0 6.0
83 120 0.0 12.0
84 120 0.0 14.0
85 120 0.0 22.0
86 120 0.0 24.0
87 120 0.0 16.0
88 120 0.0 44.0
89 120 0.0 62.0
90 120 0.0 56.0
91 120 0.0 94.0
92 120 0.0 72.0
93 120 0.0 120.0
94 120 0.0 154.0
95 120 0.0 142.0
96 120 0.0 218.0
97 120 0.0 288.0
98 120 1.0 311.0
99 120 0.0 374.0
100 120 0.0 470.0
101 120 0.0 654.0
102 120 2.0 804.0
103 120 0.0 826.0
104 120 1.0 1101.0
105 120 2.0 1302.0
106 120 4.0 1602.0
107 120 6.0 2226.0
108 120 5.0 2973.0
109 120 4.0 4692.0
110 120 4.0 7516.0
111 120 5.0 12135.0
112 120 7.0 18549.0
113 120 11.0 25059.0
114 120 9.0 29949.0
115 120 5.0 29647.0
116 120 13.0 27437.0
117 120 10.0 24634.0
118 120 5.0 24441.0
119 120 21.0 28705.0
120 120 12.0 36634.0
121 120 16.0 49052.0
122 120 37.0 62943.0
123 120 48.0 76314.0
124 120 86.0 81006.0
125 120 100.0 77034.0
126 120 174.0 61838.0
127 120 178.0 45136.0
128 120 472.0 52090.0
129 120 1008.0 64864.0
130 120 1235.0 61765.0
131 120 1705.0 59595.0
132 120 2101.0 58189.0
133 120 2462.0 53388.0
134 120 2715.0 44419.0
135 120 2982.0 33154.0
136 120 2940.0 22046.0
137 120 3091.0 13221.0
138 120 3036.0 7554.0
139 120 2956.0 3718.0
140 120 3128.0 2038.0
141 120 2926.0 1124.0
142 120 2494.0 698.0
143 120 2071.0 399.0
144 120 1555.0 279.0
145 120 1122.0 244.0
146 120 646.0 240.0
147 120 352.0 190.0
148 120 209.0 173.0
149 120 69.0 135.0
150 120 50.0 84.0
151 120 17.0 89.0
152 120 7.0 65.0
153 120 10.0 42.0
154 120 1.0 29.0
155 120 0.0 24.0
156 120 0.0 18.0
157 120 0.0 14.0
158 120 0.0 6.0
159 120 0.0 4.0
160 120 0.0 2.0
161 120 0.0 12.0
162 120 0.0 4.0
164 120 0.0 6.0
165 120 0.0 2.0
166 120 0.0 2.0
170 120 0.0 4.0
172 120 0.0 2.0
63 121 0.0 2.0
68 121 0.0 2.0
69 121 0.0 2.0
72 121 0.0 2.0
74 121 0.0 6.0
76 121 0.0 2.0
77 121 0.0 4.0
78 121 0.0 8.0
79 121 0.0 8.0
80 121 0.0 10.0
81 121 0.0 14.0
82 121 0.0 12.0
83 121 0.0 6.0
84 121 0.0 12.0
85 121 0.0 22.0
86 121 0.0 26.0
87 121 0.0 38.0
88 121 0.0 38.0
89 121 0.0 50.0
90 121 0.0 54.0
91 121 0.0 76.0
92 121 0.0 102.0
93 121 0.0 120.0
94 121 0.0 130.0
95 121 0.0 196.0
96 121 0.0 222.0
97 121 0.0 308.0
98 121 0.0 370.0
99 121 0.0 422.0
100 121 0.0 552.0
101 121 1.0 717.0
102 121 1.0 819.0
103 121 0.0 1036.0
104 121 1.0 1157.0
105 121 3.0 1453.0
106 121 3.0 1829.0
107 121 6.0 2834.0
108 121 3.0 4187.0
109 121 7.0 6767.0
110 121 3.0 11371.0
111 121 5.0 18403.0
112 121 9.0 26353.0
113 121 7.0 34597.0
114 121 5.0 39429.0
115 121 8.0 38190.0
116 121 9.0 34673.0
117 121 11.0 31495.0
118 121 17.0 33003.0
119 121 14.0 39762.0
120 121 29.0 51241.0
121 121 33.0 68571.0
122 121 32.0 91396.0
123 121 59.0 109155.0
124 121 80.0 119172.0
125 121 112.0 110960.0
126 121 217.0 87035.0
127 121 224.0 60672.0
128 121 464.0 59542.0
129 121 775.0 66287.0
130 121 1143.0 59239.0
131 121 1291.0 52023.0
132 121 1794.0 48680.0
133 121 2085.0 42997.0
134 121 2192.0 35132.0
135 121 2411.0 26151.0
136 121 2315.0 16815.0
137 121 2456.0 10454.0
138 121 2257.0 5619.0
139 121 2211.0 2865.0
140 121 2231.0 1573.0
141 121 1926.0 922.0
142 121 1724.0 528.0
143 121 1391.0 345.0
144 121 980.0 260.0
145 121 632.0 208.0
146 121 425.0 161.0
147 121 252.0 150.0
148 121 124.0 120.0
149 121 62.0 94.0
150 121 18.0 72.0
151 121 8.0 38.0
152 121 4.0 56.0
153 121 2.0 34.0
154 121 0.0 14.0
155 121 0.0 20.0
156 121 0.0 8.0
157 121 0.0 8.0
158 121 0.0 8.0
159 121 0.0 4.0
160 121 0.0 4.0
161 121 0.0 4.0
162 121 0.0 2.0
163 121 0.0 2.0
164 121 0.0 2.0
166 121 0.0 4.0
167 121 0.0 2.0
62 122 0.0 2.0
66 122 0.0 2.0
68 122 0.0 2.0
69 122 0.0 6.0
70 122 0.0 4.0
72 122 0.0 6.0
74 122 0.0 2.0
75 122 0.0 6.0
76 122 0.0 2.0
77 122 0.0 2.0
78 122 0.0 4.0
79 122 0.0 2.0
80 122 0.0 8.0
81 122 0.0 10.0
82 122 0.0 12.0
83 122 0.0 10.0
84 122 0.0 6.0
85 122 0.0 16.0
86 122 0.0 28.0
87 122 0.0 36.0
88 122 0.0 36.0
89 122 0.0 64.0
90 122 0.0 78.0
91 122 0.0 98.0
92 122 0.0 120.0
93 122 0.0 134.0
94 122 0.0 174.0
95 122 0.0 216.0
96 122 0.0 294.0
97 122 0.0 296.0
98 122 0.0 436.0
99 122 0.0 516.0
100 122 0.0 632.0
101 122 0.0 738.0
102 122 0.0 846.0
103 122 0.0 1048.0
104 122 0.0 1398.0
105 122 2.0 1712.0
106 122 1.0 2389.0
107 122 3.0 3715.0
108 122 1.0 5785.0
109 122 8.0 10172.0
110 122 6.0 16592.0
111 122 5.0 25859.0
112 122 7.0 36673.0
113 122 6.0 45654.0
114 122 7.0 49623.0
115 122 7.0 47243.0
116 122 6.0 41600.0
117 122 11.0 39319.0
118 122 18.0 41952.0
119 122 9.0 52713.0
120 122 26.0 72020.0
121 122 36.0 99464.0
122 122 49.0 127927.0
123 122 69.0 148527.0
124 122 108.0 153134.0
125 122 118.0 136708.0
126 122 175.0 105849.0
127 122 220.0 73200.0
128 122 366.0 66056.0
129 122 625.0 67377.0
130 122 872.0 56586.0
131 122 1149.0 46163.0
132 122 1424.0 39896.0
133 122 1533.0 33179.0
134 122 1690.0 26160.0
135 122 1734.0 18652.0
136 122 1522.0 12088.0
137 122 1617.0 6985.0
138 122 1540.0 3938.0
139 122 1631.0 2153.0
140 122 1462.0 1154.0
141 122 1335.0 721.0
142 122 1106.0 384.0
143 122 866.0 326.0
144 122 623.0 171.0
145 122 451.0 169.0
146 122 290.0 132.0
147 122 155.0 117.0
148 122 79.0 101.0
149 122 44.0 70.0
150 122 18.0 56.0
151 122 4.0 32.0
152 122 2.0 32.0
153 122 0.0 30.0
154 122 0.0 22.0
155 122 0.0 16.0
156 122 0.0 6.0
157 122 0.0 2.0
158 122 0.0 2.0
160 122 0.0 4.0
161 122 0.0 2.0
162 122 0.0 4.0
163 122 0.0 2.0
59 123 0.0 2.0
62 123 0.0 4.0
63 123 0.0 2.0
68 123 0.0 2.0
69 123 0.0 4.0
70 123 0.0 2.0
72 123 0.0 2.0
73 123 0.0 2.0
74 123 0.0 2.0
75 123 0.0 2.0
76 123 0.0 4.0
77 123 0.0 4.0
78 123 0.0 14.0
79 123 0.0 2.0
80 123 0.0 4.0
81 123 0.0 8.0
82 123 0.0 10.0
83 123 0.0 12.0
84 123 0.0 14.0
85 123 0.0 22.0
86 123 0.0 20.0
87 123 0.0 26.0
88 123 0.0 56.0
89 123 0.0 50.0
90 123 0.0 52.0
91 123 0.0 80.0
92 123 0.0 152.0
93 123 0.0 154.0
94 123 0.0 184.0
95 123 0.0 224.0
96 123 0.0 254.0
97 123 0.0 308.0
98 123 0.0 408.0
99 123 0.0 578.0
100 123 0.0 628.0
101 123 0.0 798.0
102 123 1.0 899.0
103 123 1.0 1213.0
104 123 2.0 1408.0
105 123 3.0 1881.0
106 123 3.0 2877.0
107 123 2.0 4682.0
108 123 2.0 8182.0
109 123 2.0 14418.0
110 123 9.0 23325.0
111 123 4.0 34494.0
112 123 8.0 46956.0
113 123 2.0 55710.0
114 123 8.0 58240.0
115 123 4.0 53870.0
116 123 5.0 48655.0
117 123 15.0 47813.0
118 123 10.0 54354.0
119 123 20.0 69550.0
120 123 24.0 93328.0
121 123 45.0 125425.0
122 123 46.0 160488.0
123 123 62.0 184998.0
124 123 86.0 189120.0
125 123 118.0 165102.0
126 123 169.0 125961.0
127 123 179.0 85829.0
128 123 328.0 71928.0
129 123 524.0 68430.0
130 123 688.0 52542.0
131 123 918.0 39928.0
132 123 984.0 31538.0
133 123 1161.0 24689.0
134 123 1113.0 18415.0
135 123 1180.0 12764.0
136 123 1216.0 8300.0
137 123 1120.0 5090.0
138 123 1138.0 2680.0
139 123 1047.0 1665.0
140 123 986.0 842.0
141 123 758.0 566.0
142 123 696.0 336.0
143 123 547.0 245.0
144 123 356.0 156.0
145 123 280.0 98.0
146 123 136.0 96.0
147 123 84.0 72.0
148 123 38.0 64.0
149 123 16.0 52.0
150 123 9.0 39.0
151 123 6.0 24.0
152 123 5.0 21.0
153 123 0.0 12.0
154 123 2.0 14.0
155 123 2.0 8.0
156 123 0.0 12.0
158 123 0.0 4.0
159 123 0.0 4.0
161 123 0.0 4.0
162 123 0.0 4.0
164 123 0.0 2.0
165 123 0.0 2.0
57 124 0.0 2.0
61 124 0.0 2.0
66 124 0.0 4.0
68 124 0.0 4.0
71 124 0.0 4.0
73 124 0.0 2.0
75 124 0.0 2.0
77 124 0.0 4.0
78 124 0.0 2.0
80 124 0.0 6.0
81 124 0.0 2.0
83 124 0.0 6.0
84 124 0.0 10.0
85 124 0.0 14.0
86 124 0.0 20.0
87 124 0.0 30.0
88 124 0.0 30.0
89 124 0.0 64.0
90 124 0.0 66.0
91 124 0.0 92.0
92 124 0.0 118.0
93 124 0.0 162.0
94 124 0.0 182.0
95 124 0.0 198.0
96 124 0.0 278.0
97 124 1.0 399.0
98 124 0.0 472.0
99 124 0.0 556.0
100 124 0.0 610.0
101 124 0.0 868.0
102 124 0.0 880.0
103 124 0.0 1186.0
104 124 1.0 1551.0
105 124 0.0 2122.0
106 124 4.0 3546.0
107 124 0.0 6140.0
108 124 4.0 11010.0
109 124 4.0 19550.0
110 124 3.0 31435.0
111 124 2.0 46164.0
112 124 0.0 57958.0
113 124 6.0 65738.0
114 124 12.0 65946.0
115 124 6.0 61056.0
116 124 11.0 55001.0
117 124 4.0 54820.0
118 124 11.0 63395.0
119 124 11.0 85743.0
120 124 22.0 116196.0
121 124 43.0 157351.0
122 124 63.0 194547.0
123 124 50.0 214510.0
124 124 86.0 211052.0
125 124 132.0 181996.0
126 124 126.0 137412.0
127 124 197.0 94033.0
128 124 254.0 74936.0
129 124 341.0 65935.0
130 124 472.0 48988.0
131 124 580.0 34600.0
132 124 699.0 24829.0
133 124 807.0 18513.0
134 124 856.0 12912.0
135 124 769.0 8705.0
136 124 717.0 5457.0
137 124 717.0 3391.0
138 124 720.0 1874.0
139 124 639.0 1157.0
140 124 526.0 652.0
141 124 459.0 393.0
142 124 429.0 299.0
143 124 287.0 177.0
144 124 202.0 118.0
145 124 143.0 87.0
146 124 82.0 82.0
147 124 50.0 72.0
148 124 19.0 25.0
149 124 6.0 38.0
150 124 5.0 41.0
151 124 0.0 34.0
152 124 3.0 31.0
153 124 0.0 12.0
154 124 0.0 8.0
155 124 0.0 14.0
156 124 0.0 6.0
157 124 0.0 6.0
158 124 0.0 6.0
159 124 0.0 4.0
160 124 0.0 2.0
161 124 0.0 6.0
162 124 0.0 2.0
61 125 0.0 2.0
71 125 0.0 2.0
72 125 0.0 4.0
76 125 0.0 2.0
78 125 0.0 4.0
79 125 0.0 4.0
80 125 0.0 6.0
81 125 0.0 2.0
82 125 0.0 6.0
83 125 0.0 6.0
84 125 0.0 8.0
85 125 0.0 14.0
86 125 0.0 10.0
87 125 0.0 16.0
88 125 0.0 36.0
89 125 0.0 60.0
90 125 0.0 86.0
91 125 0.0 102.0
92 125 0.0 110.0
93 125 0.0 146.0
94 125 0.0 222.0
95 125 0.0 256.0
96 125 0.0 240.0
97 125 0.0 326.0
98 125 0.0 500.0
99 125 0.0 506.0
100 125 0.0 606.0
101 125 0.0 720.0
102 125 0.0 974.0
103 125 0.0 1180.0
104 125 1.0 1581.0
105 125 0.0 2326.0
106 125 2.0 4242.0
107 125 0.0 8020.0
108 125 3.0 14775.0
109 125 1.0 25439.0
110 125 1.0 37919.0
111 125 0.0 52464.0
112 125 3.0 65943.0
113 125 1.0 72503.0
114 125 5.0 71719.0
115 125 7.0 65729.0
116 125 4.0 60750.0
117 125 9.0 63257.0
118 125 15.0 76335.0
119 125 14.0 99668.0
120 125 36.0 135112.0
121 125 38.0 175666.0
122 125 65.0 212383.0
123 125 81.0 231319.0
124 125 94.0 221588.0
125 125 134.0 184828.0
126 125 155.0 137081.0
127 125 132.0 96212.0
128 125 210.0 74040.0
129 125 257.0 61331.0
130 125 357.0 45201.0
131 125 376.0 30190.0
132 125 443.0 20071.0
133 125 446.0 13740.0
134 125 502.0 8952.0
135 125 548.0 5926.0
136 125 536.0 3716.0
137 125 449.0 2335.0
138 125 394.0 1350.0
139 125 411.0 777.0
140 125 394.0 498.0
141 125 332.0 314.0
142 125 232.0 192.0
143 125 151.0 117.0
144 125 114.0 88.0
145 125 71.0 99.0
146 125 39.0 71.0
147 125 26.0 62.0
148 125 6.0 46.0
149 125 0.0 30.0
150 125 4.0 32.0
151 125 3.0 15.0
152 125 2.0 14.0
153 125 1.0 11.0
154 125 0.0 8.0
155 125 0.0 8.0
156 125 0.0 4.0
157 125 0.0 2.0
158 125 0.0 4.0
160 125 0.0 4.0
165 125 0.0 2.0
171 125 0.0 2.0
62 126 0.0 2.0
63 126 0.0 2.0
67 126 0.0 2.0
68 126 0.0 2.0
70 126 0.0 2.0
71 126 0.0 4.0
72 126 0.0 2.0
75 126 0.0 2.0
76 126 0.0 2.0
77 126 0.0 2.0
78 126 0.0 4.0
79 126 0.0 4.0
80 126 0.0 4.0
81 126 0.0 2.0
82 126 0.0 14.0
83 126 0.0 6.0
84 126 0.0 8.0
85 126 0.0 8.0
86 126 0.0 26.0
87 126 0.0 18.0
88 126 0.0 48.0
89 126 0.0 22.0
90 126 0.0 48.0
91 126 0.0 80.0
92 126 0.0 104.0
93 126 0.0 142.0
94 126 0.0 144.0
95 126 0.0 226.0
96 126 0.0 242.0
97 126 1.0 279.0
98 126 0.0 386.0
99 126 0.0 514.0
100 126 0.0 570.0
101 126 0.0 768.0
102 126 0.0 854.0
103 126 0.0 1266.0
104 126 0.0 1702.0
105 126 1.0 2731.0
106 126 0.0 4984.0
107 126 0.0 8906.0
108 126 4.0 16974.0
109 126 1.0 29657.0
110 126 2.0 43820.0
111 126 1.0 59287.0
112 126 2.0 71162.0
113 126 3.0 75481.0
114 126 7.0 76099.0
115 126 3.0 68279.0
116 126 12.0 64418.0
117 126 8.0 67480.0
118 126 9.0 82251.0
119 126 14.0 110490.0
120 126 22.0 148658.0
121 126 42.0 191942.0
122 126 41.0 224455.0
123 126 58.0 234668.0
124 126 91.0 218631.0
125 126 101.0 179671.0
126 126 136.0 130538.0
127 126 151.0 91823.0
128 126 204.0 68008.0
129 126 207.0 52845.0
130 126 233.0 38653.0
131 126 256.0 25146.0
132 126 279.0 16413.0
133 126 296.0 10482.0
134 126 323.0 6437.0
135 126 341.0 4063.0
136 126 328.0 2528.0
137 126 286.0 1582.0
138 126 262.0 950.0
139 126 223.0 573.0
140 126 179.0 419.0
141 126 160.0 282.0
142 126 111.0 143.0
143 126 114.0 114.0
144 126 68.0 104.0
145 126 44.0 56.0
146 126 26.0 46.0
147 126 27.0 33.0
148 126 4.0 28.0
149 126 4.0 18.0
150 126 2.0 20.0
151 126 2.0 12.0
152 126 0.0 12.0
153 126 0.0 6.0
154 126 0.0 4.0
155 126 0.0 6.0
156 126 0.0 8.0
159 126 0.0 2.0
163 126 0.0 2.0
63 127 0.0 2.0
66 127 0.0 2.0
68 127 0.0 2.0
70 127 0.0 2.0
71 127 0.0 2.0
73 127 0.0 2.0
74 127 0.0 2.0
78 127 0.0 4.0
79 127 0.0 2.0
80 127 0.0 2.0
81 127 0.0 4.0
82 127 0.0 2.0
83 127 0.0 6.0
84 127 0.0 6.0
85 127 0.0 10.0
86 127 0.0 8.0
87 127 0.0 36.0
88 127 0.0 20.0
89 127 0.0 48.0
90 127 0.0 52.0
91 127 0.0 64.0
92 127 0.0 80.0
93 127 0.0 110.0
94 127 0.0 166.0
95 127 0.0 200.0
96 127 0.0 238.0
97 127 0.0 312.0
98 127 0.0 354.0
99 127 0.0 452.0
100 127 0.0 524.0
101 127 0.0 672.0
102 127 0.0 912.0
103 127 0.0 1212.0
104 127 0.0 1730.0
105 127 0.0 2730.0
106 127 0.0 4866.0
107 127 0.0 9524.0
108 127 1.0 17887.0
109 127 3.0 30745.0
110 127 1.0 44771.0
111 127 2.0 58998.0
112 127 6.0 71492.0
113 127 2.0 76394.0
114 127 3.0 73601.0
115 127 4.0 68696.0
116 127 5.0 66067.0
117 127 9.0 71455.0
118 127 9.0 87863.0
119 127 13.0 117365.0
120 127 18.0 154984.0
121 127 38.0 192234.0
122 127 62.0 217646.0
123 127 65.0 218985.0
124 127 80.0 193606.0
125 127 95.0 200595.0
126 127 142.0 112588.0
127 127 112.0 78976.0
128 127 134.0 60252.0
129 127 119.0 47055.0
130 127 132.0 34000.0
131 127 161.0 21445.0
132 127 188.0 13382.0
133 127 161.0 8065.0
134 127 214.0 4768.0
135 127 195.0 3101.0
136 127 175.0 1831.0
137 127 173.0 1141.0
138 127 164.0 776.0
139 127 118.0 412.0
140 127 118.0 298.0
141 127 87.0 191.0
142 127 63.0 131.0
143 127 55.0 71.0
144 127 35.0 49.0
145 127 19.0 37.0
146 127 4.0 28.0
147 127 2.0 26.0
148 127 3.0 19.0
149 127 1.0 9.0
150 127 0.0 6.0
151 127 0.0 16.0
152 127 0.0 6.0
153 127 0.0 8.0
154 127 0.0 4.0
155 127 0.0 2.0
156 127 0.0 2.0
159 127 0.0 6.0
160 127 0.0 2.0
161 127 0.0 2.0
65 128 0.0 4.0
66 128 0.0 2.0
69 128 0.0 2.0
70 128 0.0 4.0
75 128 0.0 2.0
77 128 0.0 6.0
78 128 0.0 2.0
79 128 0.0 10.0
81 128 0.0 4.0
82 128 0.0 4.0
83 128 0.0 8.0
84 128 0.0 8.0
85 128 0.0 6.0
86 128 0.0 10.0
87 128 0.0 20.0
88 128 0.0 34.0
89 128 0.0 34.0
90 128 0.0 52.0
91 128 0.0 32.0
92 128 0.0 86.0
93 128 0.0 92.0
94 128 0.0 122.0
95 128 0.0 172.0
96 128 0.0 246.0
97 128 0.0 260.0
98 128 0.0 344.0
99 128 0.0 428.0
100 128 0.0 518.0
101 128 0.0 646.0
102 128 0.0 852.0
103 128 1.0 1055.0
104 128 0.0 1634.0
105 128 2.0 2774.0
106 128 0.0 5270.0
107 128 0.0 9728.0
108 128 1.0 17341.0
109 128 2.0 28384.0
110 128 1.0 42345.0
111 128 2.0 55286.0
112 128 0.0 66504.0
113 128 3.0 70567.0
114 128 3.0 71913.0
115 128 2.0 65762.0
116 128 2.0 63354.0
117 128 5.0 69771.0
118 128 4.0 87444.0
119 128 4.0 115564.0
120 128 14.0 152870.0
121 128 20.0 182984.0
122 128 38.0 199710.0
123 128 50.0 190886.0
124 128 85.0 166035.0
125 128 79.0 128397.0
126 128 99.0 91159.0
127 128 119.0 66109.0
128 128 93.0 49227.0
129 128 90.0 37866.0
130 128 90.0 27370.0
131 128 115.0 16781.0
132 128 140.0 10212.0
133 128 86.0 6050.0
134 128 127.0 3525.0
135 128 115.0 2069.0
136 128 86.0 1342.0
137 128 101.0 829.0
138 128 89.0 461.0
139 128 88.0 308.0
140 128 85.0 219.0
141 128 45.0 121.0
142 128 46.0 84.0
143 128 17.0 47.0
144 128 19.0 41.0
145 128 8.0 34.0
146 128 0.0 20.0
147 128 0.0 26.0
148 128 0.0 10.0
149 128 0.0 22.0
150 128 0.0 10.0
151 128 0.0 8.0
152 128 0.0 4.0
153 128 0.0 2.0
154 128 0.0 2.0
157 128 0.0 2.0
160 128 0.0 2.0
167 128 0.0 2.0
63 129 0.0 2.0
68 129 0.0 2.0
72 129 0.0 2.0
77 129 0.0 4.0
79 129 0.0 4.0
80 129 0.0 2.0
81 129 0.0 8.0
82 129 0.0 8.0
83 129 0.0 2.0
84 129 0.0 2.0
85 129 0.0 4.0
86 129 0.0 8.0
87 129 0.0 14.0
88 129 0.0 8.0
89 129 0.0 26.0
90 129 0.0 30.0
91 129 0.0 64.0
92 129 0.0 74.0
93 129 0.0 72.0
94 129 0.0 132.0
95 129 0.0 148.0
96 129 0.0 186.0
97 129 0.0 202.0
98 129 0.0 286.0
99 129 0.0 344.0
100 129 0.0 436.0
101 129 0.0 570.0
102 129 0.0 718.0
103 129 0.0 1038.0
104 129 0.0 1530.0
105 129 0.0 2704.0
106 129 0.0 4854.0
107 129 1.0 8543.0
108 129 1.0 15195.0
109 129 0.0 25328.0
110 129 1.0 36723.0
111 129 0.0 47510.0
112 129 0.0 59594.0
113 129 3.0 60155.0
114 129 5.0 59179.0
115 129 2.0 57542.0
116 129 3.0 59267.0
117 129 2.0 76688.0
118 129 4.0 98032.0
119 129 2.0 125460.0
120 129 9.0 146249.0
121 129 19.0 165997.0
122 129 20.0 170240.0
123 129 64.0 153852.0
124 129 49.0 126279.0
125 129 68.0 96330.0
126 129 81.0 69393.0
127 129 96.0 51916.0
128 129 73.0 39205.0
129 129 40.0 29132.0
130 129 65.0 20605.0
131 129 63.0 12933.0
132 129 115.0 7553.0
133 129 67.0 4237.0
134 129 85.0 2503.0
135 129 88.0 1442.0
136 129 79.0 907.0
137 129 68.0 476.0
138 129 36.0 386.0
139 129 44.0 270.0
140 129 34.0 104.0
141 129 29.0 79.0
142 129 32.0 58.0
143 129 13.0 37.0
144 129 11.0 21.0
145 129 18.0 32.0
146 129 2.0 6.0
147 129 4.0 12.0
148 129 4.0 12.0
149 129 2.0 6.0
150 129 0.0 4.0
151 129 0.0 4.0
152 129 0.0 2.0
153 129 0.0 2.0
154 129 0.0 4.0
156 129 0.0 4.0
159 129 0.0 2.0
160 129 0.0 2.0
161 129 0.0 2.0
164 129 0.0 2.0
69 130 0.0 4.0
75 130 0.0 2.0
78 130 0.0 4.0
81 130 0.0 2.0
82 130 0.0 10.0
83 130 0.0 4.0
84 130 0.0 2.0
85 130 0.0 6.0
86 130 0.0 10.0
87 130 0.0 10.0
88 130 0.0 6.0
89 130 0.0 18.0
90 130 0.0 32.0
91 130 0.0 44.0
92 130 0.0 54.0
93 130 0.0 104.0
94 130 0.0 70.0
95 130 0.0 124.0
96 130 0.0 158.0
97 130 0.0 172.0
98 130 0.0 246.0
99 130 0.0 294.0
100 130 0.0 380.0
101 130 0.0 528.0
102 130 0.0 698.0
103 130 0.0 962.0
104 130 0.0 1450.0
105 130 1.0 2291.0
106 130 0.0 3940.0
107 130 0.0 7330.0
108 130 0.0 12702.0
109 130 0.0 20506.0
110 130 0.0 29094.0
111 130 0.0 35974.0
112 130 0.0 46408.0
113 130 1.0 48151.0
114 130 0.0 50932.0
115 130 0.0 64544.0
116 130 2.0 72874.0
117 130 3.0 77189.0
118 130 2.0 85568.0
119 130 5.0 110153.0
120 130 9.0 129759.0
121 130 24.0 137904.0
122 130 14.0 134132.0
123 130 25.0 117219.0
124 130 51.0 93845.0
125 130 62.0 71236.0
126 130 81.0 53229.0
127 130 74.0 41152.0
128 130 47.0 29279.0
129 130 24.0 18366.0
130 130 32.0 13816.0
131 130 32.0 8774.0
132 130 51.0 5307.0
133 130 34.0 3060.0
134 130 33.0 1845.0
135 130 40.0 920.0
136 130 25.0 581.0
137 130 38.0 366.0
138 130 38.0 246.0
139 130 34.0 152.0
140 130 28.0 92.0
141 130 21.0 67.0
142 130 8.0 56.0
143 130 12.0 26.0
144 130 2.0 14.0
145 130 5.0 7.0
146 130 2.0 20.0
148 130 0.0 4.0
149 130 0.0 2.0
150 130 0.0 8.0
151 130 0.0 2.0
153 130 0.0 2.0
157 130 0.0 2.0
66 131 0.0 2.0
75 131 0.0 2.0
78 131 0.0 6.0
79 131 0.0 2.0
80 131 0.0 2.0
81 131 0.0 4.0
82 131 0.0 2.0
84 131 0.0 4.0
85 131 0.0 6.0
86 131 0.0 10.0
87 131 0.0 6.0
88 131 0.0 14.0
89 131 0.0 10.0
90 131 0.0 18.0
91 131 0.0 28.0
92 131 0.0 36.0
93 131 0.0 36.0
94 131 0.0 58.0
95 131 0.0 84.0
96 131 0.0 102.0
97 131 0.0 156.0
98 131 0.0 184.0
99 131 0.0 266.0
100 131 0.0 340.0
101 131 0.0 394.0
102 131 0.0 622.0
103 131 0.0 864.0
104 131 0.0 1262.0
105 131 0.0 1944.0
106 131 0.0 3370.0
107 131 0.0 5872.0
108 131 0.0 9124.0
109 131 0.0 15070.0
110 131 0.0 21408.0
111 131 0.0 27490.0
112 131 0.0 43026.0
113 131 0.0 46050.0
114 131 0.0 53988.0
115 131 4.0 40806.0
116 131 5.0 47975.0
117 131 0.0 62840.0
118 131 6.0 83646.0
119 131 4.0 103780.0
120 131 11.0 117371.0
121 131 15.0 118679.0
122 131 24.0 106518.0
123 131 32.0 86712.0
124 131 31.0 66355.0
125 131 34.0 49088.0
126 131 53.0 36795.0
127 131 49.0 30011.0
128 131 36.0 20822.0
129 131 21.0 13105.0
130 131 24.0 9656.0
131 131 7.0 6169.0
132 131 26.0 3622.0
133 131 29.0 2167.0
134 131 29.0 1187.0
135 131 22.0 742.0
136 131 29.0 355.0
137 131 20.0 238.0
138 131 26.0 150.0
139 131 30.0 104.0
140 131 18.0 70.0
141 131 12.0 28.0
142 131 4.0 36.0
143 131 9.0 13.0
144 131 4.0 16.0
145 131 4.0 12.0
146 131 0.0 12.0
147 131 0.0 6.0
149 131 0.0 2.0
151 131 0.0 2.0
153 131 0.0 2.0
154 131 0.0 4.0
155 131 0.0 2.0
156 131 0.0 2.0
61 132 0.0 2.0
80 132 0.0 4.0
84 132 0.0 2.0
85 132 0.0 4.0
86 132 0.0 2.0
87 132 0.0 6.0
88 132 0.0 8.0
89 132 0.0 14.0
90 132 0.0 24.0
91 132 0.0 26.0
92 132 0.0 30.0
93 132 0.0 54.0
94 132 0.0 48.0
95 132 0.0 72.0
96 132 0.0 84.0
97 132 0.0 96.0
98 132 0.0 152.0
99 132 0.0 216.0
100 132 0.0 256.0
101 132 0.0 420.0
102 132 0.0 546.0
103 132 1.0 683.0
104 132 0.0 960.0
105 132 0.0 1588.0
106 132 0.0 2496.0
107 132 0.0 4078.0
108 132 0.0 6554.0
109 132 0.0 10916.0
110 132 0.0 16754.0
111 132 2.0 19396.0
112 132 0.0 20946.0
113 132 0.0 23738.0
114 132 0.0 27332.0
115 132 2.0 33118.0
116 132 2.0 43564.0
117 132 0.0 61392.0
118 132 2.0 82284.0
119 132 2.0 99090.0
120 132 7.0 104285.0
121 132 5.0 96941.0
122 132 13.0 81303.0
123 132 17.0 61813.0
124 132 23.0 46027.0
125 132 29.0 34919.0
126 132 30.0 27044.0
127 132 40.0 23052.0
128 132 11.0 15485.0
129 132 9.0 8335.0
130 132 7.0 6089.0
131 132 7.0 4087.0
132 132 13.0 2409.0
133 132 12.0 1368.0
134 132 18.0 816.0
135 132 10.0 414.0
136 132 13.0 253.0
137 132 12.0 160.0
138 132 10.0 80.0
139 132 11.0 69.0
140 132 12.0 42.0
141 132 5.0 23.0
142 132 3.0 21.0
143 132 4.0 8.0
144 132 3.0 9.0
145 132 2.0 12.0
146 132 0.0 4.0
147 132 0.0 2.0
148 132 2.0 4.0
149 132 0.0 8.0
150 132 0.0 6.0
164 132 0.0 2.0
82 133 0.0 2.0
84 133 0.0 4.0
85 133 0.0 10.0
86 133 0.0 16.0
87 133 0.0 10.0
88 133 0.0 12.0
89 133 0.0 8.0
90 133 0.0 16.0
91 133 0.0 24.0
92 133 0.0 32.0
93 133 0.0 54.0
94 133 0.0 44.0
95 133 0.0 62.0
96 133 0.0 80.0
97 133 0.0 144.0
98 133 0.0 138.0
99 133 0.0 178.0
100 133 0.0 212.0
101 133 0.0 318.0
102 133 0.0 436.0
103 133 0.0 612.0
104 133 0.0 850.0
105 133 0.0 1288.0
106 133 0.0 1978.0
107 133 0.0 2992.0
108 133 0.0 4712.0
109 133 0.0 6300.0
110 133 0.0 8500.0
111 133 0.0 11470.0
112 133 1.0 14069.0
113 133 0.0 16958.0
114 133 2.0 21944.0
115 133 0.0 29818.0
116 133 1.0 42315.0
117 133 0.0 59500.0
118 133 1.0 76563.0
119 133 3.0 86985.0
120 133 5.0 86399.0
121 133 6.0 76442.0
122 133 11.0 60427.0
123 133 9.0 44703.0
124 133 15.0 31593.0
125 133 24.0 24114.0
126 133 25.0 19783.0
127 133 19.0 16841.0
128 133 19.0 11363.0
129 133 4.0 5346.0
130 133 12.0 4024.0
131 133 12.0 2490.0
132 133 16.0 1518.0
133 133 8.0 844.0
134 133 8.0 522.0
135 133 10.0 292.0
136 133 15.0 159.0
137 133 6.0 106.0
138 133 14.0 60.0
139 133 7.0 31.0
140 133 7.0 21.0
141 133 4.0 14.0
142 133 3.0 15.0
143 133 0.0 2.0
144 133 0.0 4.0
145 133 0.0 6.0
147 133 0.0 4.0
148 133 0.0 6.0
151 133 0.0 2.0
154 133 0.0 2.0
155 133 0.0 2.0
73 134 0.0 2.0
78 134 0.0 2.0
80 134 0.0 2.0
81 134 0.0 2.0
85 134 0.0 2.0
86 134 0.0 4.0
87 134 0.0 6.0
88 134 0.0 6.0
89 134 0.0 16.0
90 134 0.0 14.0
91 134 0.0 20.0
92 134 0.0 32.0
93 134 0.0 40.0
94 134 0.0 36.0
95 134 0.0 58.0
96 134 0.0 92.0
97 134 0.0 96.0
98 134 0.0 124.0
99 134 0.0 168.0
100 134 0.0 222.0
101 134 0.0 266.0
102 134 0.0 366.0
103 134 0.0 530.0
104 134 0.0 872.0
105 134 0.0 1330.0
106 134 0.0 1504.0
107 134 1.0 1965.0
108 134 0.0 2854.0
109 134 0.0 3994.0
110 134 0.0 5562.0
111 134 0.0 7374.0
112 134 0.0 9826.0
113 134 0.0 13910.0
114 134 0.0 19550.0
115 134 1.0 28045.0
116 134 0.0 39712.0
117 134 0.0 55640.0
118 134 0.0 69644.0
119 134 2.0 77094.0
120 134 2.0 72542.0
121 134 4.0 59276.0
122 134 10.0 43998.0
123 134 15.0 31181.0
124 134 21.0 21875.0
125 134 16.0 16582.0
126 134 15.0 14385.0
127 134 15.0 13079.0
128 134 14.0 7750.0
129 134 4.0 2662.0
130 134 2.0 2070.0
131 134 2.0 1424.0
132 134 11.0 871.0
133 134 4.0 562.0
134 134 5.0 277.0
135 134 5.0 201.0
136 134 4.0 138.0
137 134 7.0 69.0
138 134 4.0 38.0
139 134 4.0 32.0
140 134 2.0 6.0
141 134 2.0 6.0
142 134 0.0 2.0
143 134 5.0 5.0
144 134 0.0 4.0
145 134 1.0 3.0
146 134 0.0 2.0
147 134 1.0 3.0
148 134 0.0 2.0
149 134 0.0 2.0
150 134 0.0 2.0
151 134 0.0 4.0
160 134 0.0 2.0
162 134 0.0 2.0
73 135 0.0 2.0
78 135 0.0 2.0
81 135 0.0 2.0
84 135 0.0 4.0
85 135 0.0 4.0
86 135 0.0 6.0
87 135 0.0 4.0
88 135 0.0 2.0
89 135 0.0 12.0
90 135 0.0 8.0
91 135 0.0 24.0
92 135 0.0 8.0
93 135 0.0 36.0
94 135 0.0 42.0
95 135 0.0 56.0
96 135 0.0 90.0
97 135 0.0 86.0
98 135 0.0 128.0
99 135 0.0 174.0
100 135 0.0 208.0
101 135 0.0 284.0
102 135 0.0 402.0
103 135 0.0 546.0
104 135 0.0 636.0
105 135 0.0 824.0
106 135 0.0 1042.0
107 135 1.0 1517.0
108 135 0.0 1960.0
109 135 0.0 2676.0
110 135 0.0 3808.0
111 135 0.0 5276.0
112 135 0.0 8266.0
113 135 0.0 12036.0
114 135 4.0 17958.0
115 135 2.0 27020.0
116 135 0.0 36972.0
117 135 0.0 48642.0
118 135 0.0 57668.0
119 135 0.0 60782.0
120 135 4.0 55516.0
121 135 1.0 43993.0
122 135 0.0 30826.0
123 135 6.0 20680.0
124 135 8.0 14954.0
125 135 8.0 11684.0
126 135 14.0 10360.0
127 135 21.0 9527.0
128 135 12.0 5758.0
129 135 2.0 1524.0
130 135 1.0 1247.0
131 135 2.0 778.0
132 135 2.0 478.0
133 135 0.0 332.0
134 135 0.0 192.0
135 135 3.0 109.0
136 135 6.0 58.0
137 135 6.0 40.0
138 135 14.0 42.0
139 135 6.0 32.0
140 135 4.0 16.0
141 135 1.0 7.0
142 135 1.0 3.0
143 135 2.0 2.0
144 135 0.0 2.0
145 135 0.0 2.0
158 135 0.0 2.0
166 135 0.0 2.0
178 135 0.0 2.0
77 136 0.0 2.0
82 136 0.0 2.0
85 136 0.0 8.0
86 136 0.0 2.0
87 136 0.0 4.0
88 136 0.0 8.0
89 136 0.0 2.0
90 136 0.0 10.0
91 136 0.0 18.0
92 136 0.0 14.0
93 136 0.0 30.0
94 136 0.0 38.0
95 136 0.0 54.0
96 136 0.0 66.0
97 136 0.0 74.0
98 136 0.0 132.0
99 136 0.0 184.0
100 136 0.0 262.0
101 136 0.0 278.0
102 136 0.0 332.0
103 136 0.0 426.0
104 136 0.0 582.0
105 136 0.0 668.0
106 136 0.0 924.0
107 136 2.0 1038.0
108 136 0.0 1554.0
109 136 0.0 2112.0
110 136 0.0 2952.0
111 136 0.0 4198.0
112 136 0.0 6552.0
113 136 0.0 11030.0
114 136 0.0 16590.0
115 136 0.0 23852.0
116 136 0.0 32544.0
117 136 0.0 40706.0
118 136 0.0 45534.0
119 136 0.0 45122.0
120 136 5.0 38769.0
121 136 1.0 29663.0
122 136 4.0 19934.0
123 136 6.0 13504.0
124 136 6.0 9556.0
125 136 3.0 8095.0
126 136 7.0 7407.0
127 136 19.0 7425.0
128 136 6.0 4142.0
129 136 2.0 792.0
130 136 0.0 652.0
131 136 1.0 427.0
132 136 0.0 300.0
133 136 2.0 178.0
134 136 0.0 108.0
135 136 4.0 60.0
136 136 2.0 58.0
137 136 6.0 22.0
138 136 5.0 17.0
139 136 2.0 14.0
140 136 4.0 4.0
141 136 3.0 7.0
142 136 1.0 3.0
143 136 1.0 3.0
145 136 0.0 4.0
153 136 0.0 2.0
80 137 0.0 2.0
84 137 0.0 2.0
85 137 0.0 8.0
86 137 0.0 4.0
87 137 0.0 2.0
88 137 0.0 6.0
89 137 0.0 12.0
90 137 0.0 2.0
91 137 0.0 26.0
92 137 0.0 24.0
93 137 0.0 38.0
94 137 0.0 24.0
95 137 0.0 44.0
96 137 0.0 46.0
97 137 0.0 70.0
98 137 0.0 100.0
99 137 0.0 174.0
100 137 0.0 214.0
101 137 0.0 278.0
102 137 0.0 280.0
103 137 0.0 428.0
104 137 0.0 462.0
105 137 0.0 604.0
106 137 0.0 786.0
107 137 0.0 862.0
108 137 0.0 1260.0
109 137 2.0 1706.0
110 137 0.0 2540.0
111 137 0.0 3832.0
112 137 0.0 6020.0
113 137 0.0 9792.0
114 137 2.0 14676.0
115 137 0.0 20484.0
116 137 4.0 25724.0
117 137 0.0 29270.0
118 137 1.0 31089.0
119 137 4.0 28952.0
120 137 1.0 23989.0
121 137 2.0 17416.0
122 137 3.0 11845.0
123 137 2.0 8214.0
124 137 5.0 6121.0
125 137 4.0 5450.0
126 137 5.0 5375.0
127 137 10.0 5552.0
128 137 1.0 2935.0
129 137 2.0 488.0
130 137 2.0 290.0
131 137 0.0 290.0
132 137 1.0 157.0
133 137 1.0 133.0
134 137 3.0 79.0
135 137 3.0 45.0
136 137 2.0 32.0
137 137 1.0 11.0
138 137 10.0 10.0
139 137 2.0 10.0
140 137 2.0 4.0
142 137 1.0 1.0
143 137 0.0 2.0
144 137 0.0 2.0
146 137 0.0 6.0
159 137 0.0 2.0
83 138 0.0 4.0
85 138 0.0 4.0
86 138 0.0 4.0
87 138 0.0 12.0
88 138 0.0 8.0
89 138 0.0 12.0
90 138 0.0 12.0
91 138 0.0 16.0
92 138 0.0 26.0
93 138 0.0 28.0
94 138 0.0 30.0
95 138 0.0 40.0
96 138 0.0 46.0
97 138 0.0 92.0
98 138 0.0 130.0
99 138 0.0 142.0
100 138 0.0 194.0
101 138 0.0 180.0
102 138 0.0 294.0
103 138 0.0 376.0
104 138 0.0 380.0
105 138 0.0 488.0
106 138 0.0 548.0
107 138 0.0 720.0
108 138 0.0 1008.0
109 138 0.0 1328.0
110 138 0.0 1846.0
111 138 0.0 2908.0
112 138 0.0 4986.0
113 138 0.0 8154.0
114 138 2.0 12230.0
115 138 0.0 15884.0
116 138 0.0 17920.0
117 138 0.0 19254.0
118 138 0.0 18374.0
119 138 2.0 16450.0
120 138 3.0 13435.0
121 138 6.0 9610.0
122 138 2.0 6552.0
123 138 1.0 4805.0
124 138 3.0 3803.0
125 138 1.0 3819.0
126 138 3.0 3887.0
127 138 4.0 4156.0
128 138 4.0 2222.0
129 138 3.0 273.0
130 138 0.0 204.0
131 138 0.0 184.0
132 138 0.0 96.0
133 138 1.0 59.0
134 138 2.0 52.0
135 138 0.0 16.0
136 138 4.0 10.0
137 138 3.0 7.0
138 138 0.0 6.0
139 138 4.0 2.0
140 138 5.0 3.0
141 138 0.0 2.0
142 138 0.0 4.0
143 138 0.0 2.0
144 138 0.0 2.0
145 138 0.0 2.0
150 138 0.0 2.0
83 139 0.0 4.0
84 139 0.0 2.0
86 139 0.0 14.0
87 139 0.0 4.0
88 139 0.0 2.0
89 139 0.0 12.0
90 139 0.0 16.0
91 139 0.0 22.0
92 139 0.0 16.0
93 139 0.0 30.0
94 139 0.0 24.0
95 139 0.0 42.0
96 139 0.0 44.0
97 139 0.0 50.0
98 139 0.0 110.0
99 139 0.0 142.0
100 139 0.0 160.0
101 139 0.0 182.0
102 139 0.0 252.0
103 139 0.0 318.0
104 139 0.0 342.0
105 139 0.0 392.0
106 139 0.0 434.0
107 139 0.0 604.0
108 139 0.0 708.0
109 139 0.0 1024.0
110 139 0.0 1530.0
111 139 0.0 2358.0
112 139 0.0 4038.0
113 139 0.0 6098.0
114 139 0.0 8188.0
115 139 0.0 10474.0
116 139 0.0 11652.0
117 139 0.0 11208.0
118 139 0.0 10584.0
119 139 0.0 8590.0
120 139 0.0 6738.0
121 139 0.0 4894.0
122 139 0.0 3256.0
123 139 2.0 2732.0
124 139 1.0 2479.0
125 139 8.0 2732.0
126 139 1.0 2913.0
127 139 2.0 3124.0
128 139 0.0 1526.0
129 139 2.0 98.0
130 139 0.0 84.0
131 139 0.0 86.0
132 139 0.0 70.0
133 139 0.0 38.0
134 139 2.0 18.0
135 139 0.0 18.0
136 139 1.0 17.0
137 139 2.0 6.0
138 139 3.0 3.0
139 139 2.0 4.0
140 139 2.0 2.0
141 139 2.0 2.0
143 139 1.0 1.0
82 140 0.0 4.0
85 140 0.0 2.0
86 140 0.0 4.0
87 140 0.0 4.0
88 140 0.0 10.0
89 140 2.0 12.0
90 140 0.0 22.0
91 140 0.0 14.0
92 140 0.0 30.0
93 140 0.0 30.0
94 140 0.0 38.0
95 140 0.0 46.0
96 140 0.0 70.0
97 140 0.0 66.0
98 140 0.0 98.0
99 140 0.0 102.0
100 140 0.0 152.0
101 140 0.0 208.0
102 140 0.0 234.0
103 140 0.0 266.0
104 140 0.0 208.0
105 140 0.0 272.0
106 140 0.0 324.0
107 140 0.0 406.0
108 140 0.0 474.0
109 140 0.0 756.0
110 140 0.0 1012.0
111 140 0.0 1670.0
112 140 0.0 2478.0
113 140 0.0 3888.0
114 140 0.0 5224.0
115 140 0.0 6294.0
116 140 0.0 6818.0
117 140 0.0 6124.0
118 140 0.0 5310.0
119 140 0.0 4284.0
120 140 0.0 3156.0
121 140 2.0 2380.0
122 140 1.0 1951.0
123 140 0.0 1592.0
124 140 2.0 1674.0
125 140 3.0 1697.0
126 140 1.0 2149.0
127 140 5.0 2199.0
128 140 3.0 1183.0
129 140 0.0 60.0
130 140 0.0 38.0
131 140 2.0 56.0
132 140 0.0 26.0
133 140 0.0 14.0
134 140 0.0 18.0
135 140 2.0 14.0
136 140 0.0 2.0
137 140 4.0 6.0
139 140 3.0 1.0
140 140 1.0 1.0
142 140 2.0 0.0
157 140 0.0 2.0
170 140 0.0 2.0
172 140 0.0 2.0
84 141 0.0 2.0
85 141 0.0 4.0
86 141 0.0 8.0
87 141 0.0 8.0
88 141 0.0 12.0
89 141 0.0 2.0
90 141 0.0 22.0
91 141 0.0 10.0
92 141 0.0 12.0
93 141 0.0 24.0
94 141 0.0 30.0
95 141 0.0 50.0
96 141 0.0 78.0
97 141 0.0 78.0
98 141 0.0 84.0
99 141 0.0 114.0
100 141 0.0 136.0
101 141 0.0 150.0
102 141 0.0 152.0
103 141 0.0 172.0
104 141 0.0 202.0
105 141 0.0 192.0
106 141 0.0 328.0
107 141 0.0 318.0
108 141 0.0 356.0
109 141 0.0 598.0
110 141 0.0 766.0
111 141 0.0 1068.0
112 141 0.0 1644.0
113 141 0.0 2386.0
114 141 0.0 2930.0
115 141 0.0 3234.0
116 141 0.0 3610.0
117 141 1.0 3107.0
118 141 0.0 2582.0
119 141 0.0 2004.0
120 141 2.0 1520.0
121 141 0.0 1190.0
122 141 1.0 1065.0
123 141 3.0 1007.0
124 141 0.0 1152.0
125 141 1.0 1293.0
126 141 5.0 1617.0
127 141 1.0 1819.0
128 141 1.0 1011.0
129 141 0.0 28.0
130 141 0.0 22.0
131 141 0.0 20.0
132 141 0.0 16.0
133 141 0.0 14.0
134 141 2.0 6.0
135 141 2.0 12.0
136 141 1.0 5.0
137 141 2.0 4.0
139 141 1.0 3.0
152 141 0.0 2.0
72 142 0.0 2.0
80 142 0.0 2.0
81 142 0.0 2.0
84 142 0.0 4.0
85 142 0.0 4.0
86 142 0.0 6.0
87 142 0.0 2.0
88 142 0.0 14.0
89 142 0.0 10.0
90 142 0.0 12.0
91 142 0.0 20.0
92 142 0.0 32.0
93 142 0.0 16.0
94 142 0.0 18.0
95 142 0.0 24.0
96 142 0.0 36.0
97 142 0.0 50.0
98 142 0.0 86.0
99 142 0.0 86.0
100 142 0.0 102.0
101 142 0.0 110.0
102 142 0.0 114.0
103 142 0.0 112.0
104 142 0.0 182.0
105 142 0.0 242.0
106 142 0.0 236.0
107 142 0.0 264.0
108 142 0.0 260.0
109 142 0.0 362.0
110 142 0.0 420.0
111 142 0.0 616.0
112 142 0.0 832.0
113 142 0.0 1324.0
114 142 0.0 1468.0
115 142 0.0 1688.0
116 142 0.0 1658.0
117 142 1.0 1409.0
118 142 0.0 1076.0
119 142 0.0 936.0
120 142 0.0 744.0
121 142 1.0 679.0
122 142 0.0 656.0
123 142 0.0 612.0
124 142 1.0 829.0
125 142 0.0 1014.0
126 142 2.0 1198.0
127 142 5.0 1323.0
128 142 0.0 684.0
129 142 0.0 26.0
130 142 0.0 8.0
131 142 0.0 8.0
132 142 2.0 0.0
133 142 0.0 8.0
134 142 1.0 5.0
138 142 0.0 6.0
140 142 2.0 0.0
81 143 0.0 2.0
82 143 0.0 2.0
84 143 0.0 2.0
85 143 0.0 8.0
86 143 0.0 4.0
87 143 0.0 4.0
88 143 0.0 8.0
89 143 0.0 8.0
90 143 0.0 6.0
91 143 0.0 16.0
92 143 0.0 8.0
93 143 0.0 20.0
94 143 0.0 26.0
95 143 0.0 40.0
96 143 0.0 34.0
97 143 0.0 54.0
98 143 0.0 78.0
99 143 0.0 50.0
100 143 0.0 102.0
101 143 0.0 64.0
102 143 0.0 100.0
103 143 0.0 100.0
104 143 0.0 138.0
105 143 0.0 174.0
106 143 0.0 174.0
107 143 0.0 198.0
108 143 0.0 194.0
109 143 0.0 238.0
110 143 0.0 224.0
111 143 0.0 394.0
112 143 0.0 506.0
113 143 0.0 578.0
114 143 0.0 704.0
115 143 0.0 788.0
116 143 0.0 770.0
117 143 0.0 658.0
118 143 0.0 610.0
119 143 0.0 444.0
120 143 0.0 390.0
121 143 0.0 398.0
122 143 0.0 406.0
123 143 3.0 495.0
124 143 0.0 558.0
125 143 0.0 740.0
126 143 0.0 870.0
127 143 0.0 1024.0
128 143 0.0 514.0
129 143 0.0 6.0
130 143 0.0 6.0
132 143 1.0 9.0
134 143 0.0 2.0
138 143 0.0 2.0
140 143 0.0 2.0
176 143 0.0 2.0
80 144 0.0 2.0
84 144 0.0 6.0
85 144 0.0 8.0
86 144 0.0 2.0
88 144 0.0 12.0
89 144 0.0 20.0
90 144 0.0 6.0
91 144 0.0 12.0
92 144 0.0 6.0
93 144 0.0 18.0
94 144 0.0 14.0
95 144 0.0 24.0
96 144 0.0 56.0
97 144 0.0 48.0
98 144 0.0 56.0
99 144 0.0 58.0
100 144 0.0 56.0
101 144 0.0 72.0
102 144 0.0 88.0
103 144 0.0 90.0
104 144 0.0 90.0
105 144 0.0 138.0
106 144 0.0 112.0
107 144 0.0 166.0
108 144 0.0 120.0
109 144 0.0 136.0
110 144 0.0 164.0
111 144 0.0 228.0
112 144 0.0 262.0
113 144 0.0 314.0
114 144 0.0 420.0
115 144 0.0 372.0
116 144 0.0 322.0
117 144 0.0 344.0
118 144 0.0 256.0
119 144 0.0 246.0
120 144 0.0 216.0
121 144 0.0 242.0
122 144 0.0 290.0
123 144 1.0 351.0
124 144 0.0 442.0
125 144 1.0 593.0
126 144 2.0 752.0
127 144 0.0 734.0
128 144 0.0 444.0
129 144 0.0 4.0
130 144 0.0 2.0
131 144 0.0 4.0
133 144 0.0 2.0
135 144 2.0 0.0
136 144 0.0 2.0
137 144 1.0 1.0
138 144 0.0 4.0
81 145 0.0 4.0
84 145 0.0 4.0
86 145 0.0 2.0
87 145 0.0 4.0
88 145 0.0 16.0
89 145 0.0 10.0
90 145 0.0 12.0
91 145 0.0 12.0
92 145 0.0 20.0
93 145 0.0 14.0
94 145 0.0 34.0
95 145 0.0 30.0
96 145 0.0 24.0
97 145 0.0 46.0
98 145 0.0 58.0
99 145 0.0 42.0
100 145 0.0 46.0
101 145 0.0 66.0
102 145 0.0 62.0
103 145 0.0 86.0
104 145 0.0 84.0
105 145 0.0 86.0
106 145 0.0 92.0
107 145 0.0 104.0
108 145 0.0 136.0
109 145 0.0 100.0
110 145 0.0 114.0
111 145 0.0 114.0
112 145 0.0 154.0
113 145 0.0 168.0
114 145 0.0 186.0
115 145 0.0 206.0
116 145 0.0 188.0
117 145 0.0 174.0
118 145 0.0 148.0
119 145 0.0 130.0
120 145 0.0 166.0
121 145 3.0 167.0
122 145 0.0 216.0
123 145 0.0 256.0
124 145 1.0 321.0
125 145 2.0 408.0
126 145 0.0 496.0
127 145 1.0 565.0
128 145 1.0 227.0
130 145 0.0 2.0
131 145 0.0 2.0
133 145 0.0 4.0
134 145 0.0 2.0
135 145 0.0 6.0
138 145 2.0 0.0
83 146 0.0 2.0
86 146 0.0 6.0
87 146 0.0 6.0
88 146 0.0 2.0
89 146 0.0 8.0
90 146 0.0 8.0
91 146 0.0 8.0
92 146 0.0 10.0
93 146 0.0 12.0
94 146 0.0 16.0
95 146 0.0 40.0
96 146 0.0 34.0
97 146 0.0 28.0
98 146 0.0 42.0
99 146 0.0 36.0
100 146 0.0 50.0
101 146 0.0 50.0
102 146 0.0 56.0
103 146 0.0 54.0
104 146 0.0 66.0
105 146 0.0 70.0
106 146 0.0 64.0
107 146 0.0 66.0
108 146 0.0 82.0
109 146 0.0 56.0
110 146 0.0 74.0
111 146 0.0 72.0
112 146 0.0 110.0
113 146 0.0 102.0
114 146 0.0 116.0
115 146 0.0 134.0
116 146 0.0 104.0
117 146 0.0 74.0
118 146 1.0 95.0
119 146 0.0 132.0
120 146 0.0 104.0
121 146 1.0 121.0
122 146 0.0 154.0
123 146 0.0 158.0
124 146 0.0 246.0
125 146 0.0 270.0
126 146 0.0 408.0
127 146 0.0 416.0
128 146 0.0 242.0
135 146 0.0 2.0
136 146 2.0 0.0
139 146 0.0 2.0
140 146 2.0 0.0
170 146 0.0 2.0
83 147 0.0 2.0
86 147 0.0 2.0
87 147 0.0 2.0
88 147 0.0 4.0
89 147 0.0 14.0
90 147 0.0 6.0
91 147 0.0 12.0
92 147 0.0 18.0
93 147 0.0 14.0
94 147 0.0 22.0
95 147 0.0 12.0
96 147 0.0 18.0
97 147 0.0 40.0
98 147 0.0 42.0
99 147 0.0 12.0
100 147 0.0 34.0
101 147 0.0 48.0
102 147 0.0 42.0
103 147 0.0 66.0
104 147 0.0 54.0
105 147 0.0 48.0
106 147 0.0 52.0
107 147 0.0 52.0
108 147 0.0 64.0
109 147 0.0 62.0
110 147 0.0 50.0
111 147 0.0 72.0
112 147 0.0 64.0
113 147 0.0 62.0
114 147 0.0 80.0
115 147 0.0 64.0
116 147 0.0 68.0
117 147 0.0 80.0
118 147 0.0 56.0
119 147 0.0 84.0
120 147 0.0 100.0
121 147 0.0 110.0
122 147 0.0 118.0
123 147 0.0 126.0
124 147 0.0 198.0
125 147 0.0 204.0
126 147 0.0 248.0
127 147 0.0 280.0
128 147 0.0 144.0
131 147 0.0 4.0
132 147 0.0 2.0
136 147 0.0 2.0
138 147 1.0 1.0
82 148 0.0 2.0
85 148 0.0 4.0
86 148 0.0 4.0
87 148 0.0 2.0
88 148 0.0 2.0
89 148 0.0 2.0
90 148 0.0 4.0
91 148 0.0 8.0
92 148 0.0 22.0
93 148 0.0 10.0
94 148 0.0 24.0
95 148 0.0 30.0
96 148 0.0 30.0
97 148 0.0 26.0
98 148 0.0 22.0
99 148 0.0 28.0
100 148 0.0 30.0
101 148 0.0 34.0
102 148 0.0 40.0
103 148 0.0 32.0
104 148 0.0 46.0
105 148 0.0 38.0
106 148 0.0 46.0
107 148 0.0 54.0
108 148 0.0 56.0
109 148 0.0 42.0
110 148 0.0 42.0
111 148 0.0 38.0
112 148 0.0 48.0
113 148 0.0 44.0
114 148 0.0 52.0
115 148 0.0 50.0
116 148 0.0 50.0
117 148 0.0 44.0
118 148 0.0 42.0
119 148 0.0 40.0
120 148 0.0 52.0
121 148 1.0 93.0
122 148 0.0 94.0
123 148 0.0 144.0
124 148 0.0 134.0
125 148 0.0 152.0
126 148 0.0 156.0
127 148 0.0 158.0
128 148 0.0 92.0
130 148 0.0 2.0
133 148 0.0 2.0
136 148 1.0 1.0
83 149 0.0 2.0
86 149 0.0 2.0
87 149 0.0 2.0
88 149 0.0 2.0
89 149 0.0 4.0
90 149 0.0 8.0
91 149 0.0 4.0
92 149 0.0 18.0
93 149 0.0 8.0
94 149 0.0 20.0
95 149 0.0 12.0
96 149 0.0 14.0
97 149 0.0 30.0
98 149 0.0 14.0
99 149 0.0 26.0
100 149 0.0 22.0
101 149 0.0 28.0
102 149 0.0 38.0
103 149 0.0 38.0
104 149 0.0 42.0
105 149 0.0 46.0
106 149 0.0 28.0
107 149 0.0 26.0
108 149 0.0 20.0
109 149 0.0 48.0
110 149 0.0 38.0
111 149 0.0 22.0
112 149 0.0 14.0
113 149 0.0 26.0
114 149 0.0 38.0
115 149 0.0 24.0
116 149 0.0 38.0
117 149 0.0 24.0
118 149 0.0 42.0
119 149 0.0 42.0
120 149 0.0 52.0
121 149 0.0 56.0
122 149 0.0 90.0
123 149 0.0 108.0
124 149 0.0 94.0
125 149 0.0 100.0
126 149 1.0 121.0
127 149 2.0 110.0
128 149 0.0 86.0
84 150 0.0 2.0
86 150 0.0 4.0
87 150 0.0 2.0
88 150 0.0 2.0
89 150 0.0 6.0
90 150 0.0 6.0
91 150 0.0 6.0
92 150 0.0 6.0
93 150 0.0 12.0
94 150 0.0 8.0
95 150 0.0 14.0
96 150 0.0 6.0
97 150 0.0 6.0
98 150 0.0 14.0
99 150 0.0 22.0
100 150 0.0 26.0
101 150 0.0 32.0
102 150 0.0 34.0
103 150 0.0 30.0
104 150 0.0 30.0
105 150 0.0 22.0
106 150 0.0 22.0
107 150 0.0 36.0
108 150 0.0 32.0
109 150 0.0 28.0
110 150 0.0 20.0
111 150 0.0 22.0
112 150 0.0 20.0
113 150 0.0 20.0
114 150 0.0 20.0
115 150 0.0 22.0
116 150 0.0 32.0
117 150 0.0 12.0
118 150 0.0 30.0
119 150 0.0 20.0
120 150 0.0 38.0
121 150 0.0 64.0
122 150 0.0 46.0
123 150 0.0 54.0
124 150 0.0 68.0
125 150 1.0 49.0
126 150 2.0 82.0
127 150 0.0 74.0
128 150 0.0 42.0
136 150 0.0 2.0
137 150 0.0 2.0
88 151 0.0 10.0
89 151 0.0 4.0
91 151 0.0 6.0
92 151 0.0 16.0
93 151 0.0 10.0
94 151 0.0 4.0
95 151 0.0 6.0
96 151 0.0 12.0
97 151 0.0 16.0
98 151 0.0 12.0
99 151 0.0 12.0
100 151 0.0 22.0
101 151 0.0 10.0
102 151 0.0 12.0
103 151 0.0 24.0
104 151 0.0 20.0
105 151 0.0 20.0
106 151 0.0 18.0
107 151 0.0 24.0
108 151 0.0 16.0
109 151 0.0 12.0
110 151 0.0 26.0
111 151 0.0 12.0
112 151 0.0 10.0
113 151 0.0 16.0
114 151 0.0 4.0
115 151 0.0 14.0
116 151 0.0 18.0
117 151 0.0 26.0
118 151 0.0 22.0
119 151 0.0 18.0
120 151 0.0 28.0
121 151 0.0 38.0
122 151 0.0 42.0
123 151 1.0 39.0
124 151 1.0 37.0
125 151 0.0 48.0
126 151 1.0 35.0
127 151 0.0 44.0
128 151 0.0 8.0
85 152 0.0 2.0
86 152 0.0 2.0
89 152 0.0 2.0
90 152 0.0 4.0
91 152 0.0 2.0
92 152 0.0 14.0
93 152 0.0 4.0
94 152 0.0 6.0
95 152 0.0 6.0
96 152 0.0 8.0
97 152 0.0 14.0
98 152 0.0 18.0
99 152 0.0 6.0
100 152 0.0 14.0
101 152 0.0 12.0
102 152 0.0 6.0
103 152 0.0 16.0
104 152 0.0 16.0
105 152 0.0 18.0
106 152 0.0 16.0
107 152 0.0 16.0
108 152 0.0 14.0
109 152 0.0 10.0
110 152 0.0 22.0
111 152 0.0 22.0
112 152 0.0 10.0
113 152 0.0 18.0
114 152 0.0 12.0
115 152 0.0 16.0
116 152 0.0 12.0
117 152 0.0 24.0
118 152 0.0 20.0
119 152 0.0 22.0
120 152 0.0 32.0
121 152 0.0 32.0
122 152 0.0 34.0
123 152 0.0 32.0
124 152 0.0 38.0
125 152 1.0 35.0
126 152 0.0 40.0
127 152 0.0 20.0
128 152 0.0 18.0
89 153 0.0 2.0
90 153 0.0 2.0
91 153 0.0 2.0
93 153 0.0 2.0
94 153 0.0 4.0
95 153 0.0 2.0
96 153 0.0 8.0
97 153 0.0 8.0
98 153 0.0 4.0
99 153 0.0 20.0
100 153 0.0 14.0
101 153 0.0 10.0
102 153 0.0 14.0
103 153 0.0 14.0
104 153 0.0 4.0
105 153 0.0 8.0
106 153 0.0 16.0
107 153 0.0 20.0
108 153 0.0 10.0
109 153 0.0 12.0
110 153 0.0 12.0
111 153 0.0 8.0
112 153 0.0 8.0
113 153 0.0 4.0
114 153 0.0 10.0
115 153 0.0 6.0
116 153 0.0 16.0
117 153 0.0 8.0
118 153 0.0 8.0
119 153 0.0 8.0
120 153 0.0 36.0
121 153 0.0 10.0
122 153 0.0 26.0
123 153 1.0 27.0
124 153 0.0 18.0
125 153 0.0 18.0
126 153 0.0 36.0
127 153 2.0 26.0
128 153 0.0 8.0
133 153 2.0 0.0
90 154 0.0 2.0
91 154 0.0 2.0
92 154 0.0 2.0
94 154 0.0 8.0
95 154 0.0 4.0
96 154 0.0 16.0
98 154 0.0 6.0
100 154 0.0 10.0
101 154 0.0 16.0
102 154 0.0 14.0
103 154 0.0 12.0
104 154 0.0 10.0
105 154 0.0 14.0
106 154 0.0 12.0
107 154 0.0 10.0
108 154 0.0 12.0
109 154 0.0 4.0
110 154 0.0 10.0
111 154 0.0 4.0
112 154 0.0 16.0
113 154 0.0 6.0
114 154 0.0 8.0
115 154 0.0 8.0
116 154 0.0 10.0
117 154 0.0 4.0
118 154 0.0 12.0
119 154 0.0 22.0
120 154 0.0 6.0
121 154 0.0 14.0
122 154 0.0 14.0
123 154 0.0 14.0
124 154 0.0 12.0
125 154 0.0 6.0
126 154 0.0 12.0
127 154 0.0 16.0
128 154 0.0 6.0
91 155 0.0 2.0
92 155 0.0 4.0
93 155 0.0 8.0
94 155 0.0 4.0
96 155 0.0 2.0
97 155 0.0 6.0
98 155 0.0 8.0
99 155 0.0 12.0
100 155 0.0 6.0
101 155 0.0 2.0
102 155 0.0 8.0
103 155 0.0 6.0
104 155 0.0 8.0
105 155 0.0 18.0
106 155 0.0 10.0
107 155 0.0 8.0
108 155 0.0 8.0
109 155 0.0 2.0
110 155 0.0 6.0
111 155 0.0 2.0
112 155 0.0 2.0
113 155 0.0 6.0
115 155 0.0 4.0
116 155 0.0 4.0
117 155 0.0 6.0
118 155 0.0 6.0
119 155 0.0 12.0
120 155 0.0 16.0
121 155 0.0 12.0
122 155 0.0 8.0
123 155 0.0 12.0
124 155 0.0 12.0
125 155 0.0 18.0
126 155 1.0 5.0
127 155 0.0 4.0
128 155 0.0 8.0
87 156 0.0 2.0
92 156 0.0 2.0
93 156 0.0 4.0
94 156 0.0 4.0
95 156 0.0 2.0
96 156 0.0 10.0
97 156 0.0 10.0
98 156 0.0 2.0
99 156 0.0 2.0
100 156 0.0 18.0
101 156 0.0 10.0
102 156 0.0 6.0
103 156 0.0 4.0
104 156 0.0 4.0
105 156 0.0 4.0
106 156 0.0 6.0
107 156 0.0 4.0
108 156 0.0 4.0
109 156 0.0 12.0
110 156 0.0 2.0
111 156 0.0 8.0
112 156 0.0 2.0
113 156 0.0 8.0
114 156 0.0 8.0
115 156 0.0 4.0
116 156 0.0 4.0
117 156 0.0 10.0
118 156 0.0 2.0
119 156 0.0 8.0
120 156 0.0 4.0
121 156 0.0 8.0
122 156 0.0 10.0
123 156 0.0 6.0
124 156 0.0 12.0
125 156 0.0 6.0
126 156 0.0 10.0
127 156 0.0 8.0
128 156 0.0 6.0
90 157 0.0 2.0
92 157 0.0 4.0
93 157 0.0 4.0
94 157 0.0 10.0
95 157 0.0 4.0
97 157 0.0 2.0
98 157 0.0 8.0
99 157 0.0 4.0
100 157 0.0 6.0
101 157 0.0 10.0
102 157 0.0 2.0
103 157 0.0 4.0
104 157 0.0 2.0
105 157 0.0 2.0
106 157 0.0 10.0
107 157 0.0 4.0
108 157 0.0 8.0
109 157 0.0 2.0
110 157 0.0 2.0
112 157 0.0 2.0
113 157 0.0 6.0
114 157 0.0 18.0
115 157 0.0 6.0
116 157 0.0 2.0
117 157 0.0 4.0
118 157 0.0 6.0
119 157 0.0 4.0
120 157 0.0 2.0
121 157 0.0 8.0
122 157 0.0 8.0
123 157 0.0 8.0
124 157 0.0 4.0
125 157 0.0 14.0
126 157 0.0 6.0
127 157 0.0 6.0
128 157 0.0 4.0
89 158 0.0 2.0
92 158 0.0 2.0
93 158 0.0 2.0
95 158 0.0 2.0
96 158 0.0 6.0
98 158 0.0 6.0
99 158 0.0 8.0
100 158 0.0 4.0
101 158 0.0 6.0
103 158 0.0 2.0
104 158 0.0 10.0
105 158 0.0 4.0
106 158 0.0 4.0
107 158 0.0 10.0
108 158 0.0 2.0
109 158 0.0 4.0
110 158 0.0 4.0
111 158 0.0 2.0
113 158 0.0 4.0
114 158 0.0 2.0
115 158 0.0 6.0
116 158 0.0 4.0
117 158 0.0 8.0
118 158 0.0 2.0
119 158 0.0 8.0
121 158 0.0 8.0
122 158 0.0 10.0
123 158 0.0 4.0
124 158 0.0 4.0
125 158 0.0 6.0
126 158 0.0 12.0
127 158 0.0 20.0
128 158 0.0 4.0
87 159 0.0 2.0
94 159 0.0 2.0
95 159 0.0 2.0
96 159 0.0 8.0
98 159 0.0 6.0
99 159 0.0 10.0
101 159 0.0 4.0
102 159 0.0 8.0
103 159 0.0 8.0
104 159 0.0 8.0
106 159 0.0 2.0
107 159 0.0 6.0
108 159 0.0 6.0
109 159 0.0 6.0
113 159 0.0 2.0
114 159 0.0 2.0
115 159 0.0 12.0
116 159 0.0 6.0
117 159 0.0 4.0
119 159 0.0 4.0
120 159 0.0 4.0
121 159 0.0 4.0
122 159 0.0 10.0
123 159 0.0 6.0
124 159 0.0 4.0
125 159 0.0 8.0
127 159 1.0 9.0
128 159 0.0 2.0
91 160 0.0 2.0
92 160 0.0 2.0
93 160 0.0 6.0
94 160 0.0 4.0
96 160 0.0 8.0
97 160 0.0 6.0
98 160 0.0 6.0
100 160 0.0 4.0
101 160 0.0 2.0
102 160 0.0 4.0
103 160 0.0 2.0
104 160 0.0 2.0
105 160 0.0 6.0
106 160 0.0 2.0
107 160 0.0 2.0
110 160 0.0 4.0
111 160 0.0 6.0
112 160 0.0 4.0
113 160 0.0 6.0
114 160 0.0 4.0
115 160 0.0 6.0
116 160 0.0 2.0
117 160 0.0 4.0
118 160 0.0 2.0
119 160 0.0 4.0
121 160 1.0 13.0
122 160 0.0 10.0
123 160 0.0 4.0
124 160 0.0 14.0
125 160 0.0 2.0
126 160 0.0 12.0
127 160 0.0 12.0
91 161 0.0 2.0
93 161 0.0 4.0
94 161 0.0 4.0
97 161 0.0 4.0
98 161 0.0 2.0
99 161 0.0 4.0
100 161 0.0 8.0
101 161 0.0 4.0
102 161 0.0 8.0
104 161 0.0 4.0
106 161 0.0 4.0
107 161 0.0 2.0
108 161 0.0 4.0
109 161 0.0 2.0
110 161 0.0 4.0
112 161 0.0 2.0
113 161 0.0 2.0
115 161 0.0 8.0
116 161 0.0 2.0
117 161 0.0 2.0
118 161 0.0 4.0
120 161 0.0 8.0
121 161 0.0 2.0
122 161 0.0 4.0
124 161 0.0 16.0
125 161 0.0 4.0
126 161 0.0 10.0
127 161 0.0 6.0
91 162 0.0 2.0
93 162 0.0 2.0
95 162 0.0 2.0
96 162 0.0 2.0
97 162 0.0 4.0
98 162 0.0 6.0
99 162 0.0 4.0
100 162 0.0 2.0
101 162 0.0 4.0
102 162 0.0 2.0
103 162 0.0 2.0
104 162 0.0 2.0
105 162 0.0 6.0
106 162 0.0 6.0
107 162 0.0 8.0
108 162 0.0 4.0
109 162 0.0 4.0
110 162 0.0 8.0
111 162 0.0 6.0
114 162 0.0 4.0
115 162 0.0 2.0
116 162 0.0 4.0
118 162 0.0 2.0
119 162 0.0 2.0
121 162 0.0 4.0
122 162 0.0 4.0
123 162 0.0 6.0
124 162 0.0 2.0
125 162 0.0 10.0
126 162 0.0 4.0
127 162 0.0 6.0
128 162 0.0 6.0
96 163 0.0 2.0
97 163 0.0 4.0
99 163 0.0 4.0
100 163 0.0 8.0
101 163 0.0 4.0
102 163 0.0 10.0
103 163 0.0 6.0
104 163 0.0 2.0
105 163 0.0 2.0
106 163 0.0 2.0
107 163 0.0 2.0
108 163 0.0 6.0
109 163 0.0 2.0
110 163 0.0 6.0
111 163 0.0 4.0
112 163 0.0 4.0
113 163 0.0 2.0
115 163 0.0 2.0
117 163 0.0 4.0
118 163 0.0 2.0
119 163 0.0 2.0
120 163 0.0 2.0
121 163 0.0 4.0
122 163 0.0 4.0
123 163 0.0 4.0
124 163 0.0 10.0
125 163 0.0 10.0
126 163 0.0 4.0
127 163 0.0 2.0
128 163 0.0 4.0
93 164 0.0 2.0
95 164 0.0 2.0
96 164 0.0 6.0
98 164 0.0 2.0
99 164 0.0 2.0
102 164 0.0 2.0
103 164 0.0 2.0
104 164 0.0 4.0
107 164 0.0 4.0
108 164 0.0 4.0
110 164 0.0 2.0
111 164 0.0 6.0
113 164 0.0 4.0
114 164 0.0 2.0
115 164 0.0 2.0
116 164 0.0 6.0
117 164 0.0 10.0
119 164 2.0 2.0
121 164 0.0 2.0
122 164 0.0 6.0
123 164 0.0 6.0
124 164 0.0 6.0
125 164 0.0 14.0
126 164 0.0 6.0
127 164 0.0 8.0
128 164 0.0 2.0
85 165 0.0 2.0
90 165 0.0 2.0
94 165 0.0 4.0
97 165 0.0 6.0
98 165 0.0 4.0
101 165 0.0 2.0
104 165 0.0 2.0
105 165 0.0 2.0
106 165 0.0 2.0
108 165 0.0 2.0
110 165 0.0 4.0
111 165 0.0 2.0
112 165 0.0 2.0
113 165 0.0 4.0
114 165 0.0 2.0
115 165 0.0 2.0
117 165 0.0 2.0
118 165 0.0 2.0
119 165 0.0 4.0
120 165 0.0 2.0
122 165 0.0 2.0
123 165 0.0 4.0
124 165 0.0 14.0
125 165 1.0 7.0
127 165 0.0 12.0
128 165 0.0 6.0
90 166 0.0 2.0
98 166 0.0 2.0
99 166 0.0 2.0
103 166 0.0 2.0
105 166 0.0 2.0
106 166 0.0 2.0
107 166 0.0 6.0
108 166 0.0 4.0
110 166 0.0 6.0
111 166 0.0 2.0
113 166 0.0 4.0
114 166 0.0 4.0
116 166 0.0 4.0
117 166 0.0 2.0
118 166 0.0 2.0
121 166 0.0 6.0
123 166 0.0 2.0
124 166 0.0 6.0
125 166 0.0 16.0
126 166 0.0 2.0
127 166 0.0 2.0
92 167 0.0 2.0
94 167 0.0 2.0
96 167 0.0 2.0
98 167 0.0 2.0
99 167 0.0 2.0
107 167 0.0 2.0
110 167 0.0 4.0
111 167 0.0 2.0
112 167 0.0 2.0
114 167 0.0 2.0
117 167 0.0 4.0
119 167 0.0 4.0
121 167 0.0 2.0
122 167 0.0 2.0
123 167 0.0 4.0
124 167 0.0 4.0
125 167 0.0 6.0
126 167 0.0 12.0
127 167 0.0 2.0
128 167 0.0 2.0
91 168 0.0 2.0
98 168 0.0 4.0
100 168 0.0 2.0
104 168 0.0 2.0
106 168 0.0 2.0
107 168 0.0 4.0
109 168 0.0 2.0
111 168 0.0 2.0
112 168 0.0 4.0
113 168 0.0 2.0
114 168 0.0 6.0
118 168 0.0 2.0
119 168 0.0 2.0
121 168 0.0 4.0
122 168 0.0 2.0
123 168 0.0 4.0
126 168 0.0 2.0
127 168 1.0 5.0
100 169 0.0 2.0
104 169 0.0 2.0
105 169 0.0 2.0
107 169 0.0 4.0
108 169 0.0 4.0
110 169 0.0 2.0
111 169 0.0 2.0
112 169 0.0 2.0
115 169 0.0 4.0
116 169 0.0 2.0
118 169 0.0 2.0
119 169 0.0 2.0
120 169 0.0 6.0
121 169 0.0 4.0
122 169 0.0 2.0
123 169 0.0 2.0
124 169 0.0 6.0
125 169 0.0 6.0
126 169 0.0 4.0
127 169 0.0 6.0
98 170 0.0 4.0
102 170 0.0 2.0
103 170 0.0 2.0
108 170 0.0 2.0
109 170 0.0 2.0
114 170 0.0 2.0
115 170 0.0 6.0
116 170 0.0 2.0
117 170 0.0 6.0
119 170 0.0 6.0
120 170 0.0 2.0
121 170 0.0 4.0
122 170 0.0 10.0
123 170 0.0 4.0
124 170 0.0 2.0
125 170 0.0 4.0
126 170 0.0 4.0
127 170 0.0 4.0
128 170 0.0 4.0
98 171 0.0 2.0
107 171 0.0 2.0
108 171 0.0 2.0
114 171 0.0 2.0
115 171 0.0 2.0
117 171 0.0 4.0
118 171 0.0 2.0
119 171 0.0 4.0
121 171 0.0 4.0
122 171 0.0 2.0
123 171 0.0 4.0
124 171 0.0 10.0
125 171 0.0 10.0
126 171 0.0 2.0
127 171 0.0 2.0
99 172 0.0 2.0
105 172 0.0 2.0
114 172 0.0 2.0
117 172 0.0 4.0
119 172 0.0 4.0
120 172 0.0 2.0
121 172 0.0 2.0
122 172 0.0 2.0
123 172 0.0 8.0
124 172 0.0 8.0
125 172 0.0 2.0
126 172 0.0 6.0
127 172 0.0 2.0
102 173 0.0 2.0
107 173 0.0 2.0
114 173 0.0 2.0
115 173 0.0 2.0
116 173 0.0 2.0
120 173 0.0 2.0
121 173 0.0 2.0
122 173 0.0 2.0
123 173 0.0 6.0
124 173 0.0 4.0
125 173 0.0 4.0
126 173 0.0 4.0
103 174 0.0 2.0
118 174 0.0 2.0
121 174 0.0 2.0
122 174 0.0 8.0
123 174 0.0 10.0
124 174 0.0 4.0
125 174 0.0 4.0
127 174 0.0 4.0
111 175 0.0 2.0
114 175 0.0 2.0
118 175 0.0 2.0
119 175 0.0 2.0
120 175 0.0 4.0
121 175 0.0 8.0
122 175 0.0 2.0
123 175 0.0 10.0
124 175 0.0 2.0
125 175 0.0 2.0
126 175 0.0 8.0
119 176 0.0 4.0
121 176 0.0 2.0
122 176 0.0 4.0
123 176 0.0 6.0
124 176 0.0 2.0
125 176 0.0 2.0
126 176 0.0 10.0
127 176 0.0 8.0
107 177 0.0 2.0
117 177 0.0 2.0
120 177 0.0 2.0
123 177 0.0 4.0
124 177 0.0 2.0
125 177 0.0 4.0
126 177 0.0 2.0
127 177 0.0 2.0
106 178 0.0 2.0
107 178 0.0 2.0
109 178 0.0 2.0
115 178 0.0 2.0
116 178 0.0 2.0
117 178 0.0 2.0
118 178 0.0 4.0
120 178 0.0 2.0
121 178 0.0 2.0
123 178 0.0 2.0
124 178 0.0 2.0
125 178 0.0 2.0
126 178 0.0 4.0
127 178 0.0 2.0
120 179 0.0 4.0
122 179 0.0 4.0
123 179 0.0 6.0
126 179 0.0 4.0
110 180 0.0 2.0
112 180 0.0 2.0
113 180 0.0 2.0
119 180 0.0 4.0
124 180 0.0 2.0
117 181 0.0 2.0
122 181 0.0 2.0
123 181 0.0 2.0
121 182 0.0 2.0
124 182 0.0 2.0
125 182 0.0 2.0
116 183 0.0 2.0
114 184 0.0 2.0
121 184 0.0 2.0
122 184 0.0 4.0
123 184 0.0 2.0
127 184 1.0 3.0
110 185 0.0 4.0
124 185 0.0 2.0
120 186 0.0 4.0
122 186 0.0 2.0
123 186 0.0 2.0
126 186 0.0 2.0
119 187 0.0 2.0
118 188 0.0 2.0
120 188 0.0 2.0
121 188 0.0 2.0
122 188 0.0 2.0
123 188 0.0 2.0
113 189 0.0 2.0
115 189 0.0 2.0
119 189 0.0 2.0
122 189 0.0 2.0
126 189 0.0 4.0
113 190 0.0 2.0
122 190 0.0 2.0
123 190 0.0 4.0
128 190 0.0 2.0
120 191 0.0 4.0
123 191 0.0 2.0
126 191 0.0 2.0
127 191 0.0 4.0
122 193 0.0 4.0
124 193 0.0 2.0
126 193 0.0 2.0
127 194 0.0 2.0
120 195 0.0 2.0
128 195 0.0 2.0
116 196 0.0 2.0
124 196 0.0 2.0
120 197 0.0 2.0
125 197 1.0 3.0
122 198 0.0 2.0
126 198 0.0 2.0
120 199 0.0 2.0
124 199 0.0 2.0
125 199 0.0 2.0
